1.05909
1.45191
4.77618
1.71038
2.02138
0.853806
1.51723
1.55093
2.41902
1.20003
3.26023
3.45269
1.9212
0.965638
2.89877
2.44587
1.91018
3.89948
1.42197
2.73893
1.44285
8.97413
2.53473
4.59384
1.81448
6.54799
2.40052
2.24977
8.8336
1.70399
3.58844
3.62368
2.03575
1.04915
3.82107
3.63055
4.83456
5.47232
1.6626
2.52259
1.72495
2.00539
3.675
4.92677
4.06944
12.9019
9.94001
9.9943
2.00372
6.5911
1.3892
1.29394
3.49148
2.36671
1.0944
2.52695
1.0874
1.14585
1.2418
0.784465
4.01787
0.589033
3.1067
4.32764
0.747529
0.930266
1.51145
1.67522
3.09205
3.73414
0.610394
1.92676
3.68591
4.93606
1.51177
1.36499
2.84904
2.2493
0.734258
2.35541
0.922175
4.07062
0.926288
3.59825
0.916082
2.80744
2.075
1.84426
2.07692
1.60344
3.08345
1.48567
1.22653
1.9289
1.55713
2.48744
0.903178
1.39631
2.81108
6.20094
1.29493
1.79563
1.19528
1.20432
18.4226
17.7688
2.96638
10.7942
27.6417
4.92034
4.77471
3.05923
2.34794
2.10103
0.91381
5.57039
3.28103
2.29035
2.11863
3.47323
2.53392
9.68588
16.7917
11.2784
0.691991
3.63262
2.16031
2.86576
3.63578
2.36227
7.14662
4.10769
6.79529
5.77967
2.87538
5.94814
3.84633
6.02467
32.0359
5.84493
2.61153
2.71778
2.05601
3.66773
2.68978
3.28378
3.82896
4.80406
3.72972
3.15804
4.3433
2.60177
5.54345
5.54298
9.99872
5.40116
4.28584
5.62051
1.41504
4.2992
4.96725
26.4168
4.4899
5.35277
0.920164
0.536946
0.990718
0.73108
0.815145
1.9062
7.53731
1.20102
1.42507
0.350199
0.504046
2.86114
0.837597
1.02268
0.852218
0.843314
3.37379
1.44908
2.53427
0.948647
5.7222
3.11496
1.34832
0.799802
0.652279
2.73236
4.48614
6.31213
1.07997
0.66426
1.69905
0.522136
0.87845
1.88633
0.716432
1.40436
1.02242
1.43114
0.406893
2.72654
2.42393
0.947746
4.41876
3.45718
1.28088
4.26133
6.56826
6.15018
3.11838
2.41826
3.35044
1.85741
2.94568
3.24889
1.49892
0.900327
1.92097
0.323821
0.603481
1.49786
1.97738
0.476812
3.33206
5.11889
1.03091
0.442249
0.683788
4.68485
11.4515
0.558585
12.0716
29.1491
24.4864
25.0924
24.2268
29.8512
32.8482
25.7157
29.9935
16.9052
28.2725
10.9887
15.4023
29.1356
25.0336
9.13505
34.7756
14.0785
14.388
29.9351
18.3794
1.54037
2.85173
2.73113
1.50791
2.07782
6.24522
2.42419
2.62491
0.742068
2.89927
8.49519
26.7204
3.30892
9.06909
7.67243
1.385
2.23532
2.77601
6.25837
1.896
2.06125
3.46835
1.81509
3.94228
3.26674
3.77818
5.49932
6.32428
20.1156
16.8293
2.02496
3.27835
3.86712
1.09203
3.64013
3.34583
2.1754
5.95071
5.10431
6.23127
2.50535
6.01937
2.2472
2.75551
21.9626
6.19142
3.65326
2.87169
5.1661
5.02214
2.58446
2.58878
3.77194
1.56028
3.63118
2.7493
3.0025
3.48696
6.26963
3.92984
9.9516
3.81775
6.09518
6.55734
1.58202
6.52277
5.56935
26.933
8.01996
6.94415
0.985307
0.534613
1.67911
0.588767
2.63967
3.93288
15.99
2.38498
1.49385
1.01876
1.09713
3.81616
0.870803
0.967688
1.55843
0.736466
4.63162
1.33321
4.20049
0.837479
1.72917
4.56398
3.78055
1.21812
0.327719
1.27449
7.78163
4.12485
1.4072
0.809214
1.803
0.459499
0.345699
2.71593
0.522281
1.75797
1.14159
2.36458
1.13167
2.52997
1.54145
0.979488
3.27267
3.48913
1.73821
3.96664
5.63558
5.93141
1.42713
2.19205
3.30614
2.07923
2.48821
1.27152
1.29406
1.49234
2.38412
0.422869
1.5646
1.62469
3.27756
1.20752
1.25853
4.48659
0.318996
0.542796
0.261412
1.69644
13.4588
0.837784
29.1914
15.9958
31.8262
15.4663
22.7304
35.9541
31.1667
32.892
36.6611
32.4414
14.3074
26.2621
16.7028
32.6917
29.2619
3.70476
15.4501
21.6971
17.5775
18.3917
23.8907
1.89497
3.67733
1.10692
2.01968
1.17303
6.39208
1.73104
1.02711
1.52644
1.3891
18.3153
24.4234
1.94198
9.81232
20.3305
2.28642
2.14079
4.68049
2.52672
2.35518
2.21181
8.54854
1.22664
1.65771
3.09546
1.84231
1.93238
11.4325
15.2991
17.7003
2.10628
3.21252
2.8313
1.06218
3.67426
3.47511
6.85056
5.76106
3.64596
3.47997
6.07427
6.48444
6.32908
4.80474
32.5228
4.20581
3.95232
3.89071
5.93391
2.27783
3.36409
4.14171
4.3809
3.45729
2.14037
4.4002
4.09134
5.26403
2.4534
2.54884
5.06675
5.56112
6.25153
4.91145
1.16426
5.76816
5.09332
24.3252
8.87611
2.33763
1.03963
0.844149
1.03148
0.962161
2.23893
3.54259
16.7246
1.53076
0.991624
0.99723
0.347386
1.45189
1.02515
1.29992
1.27342
1.18649
4.74187
1.03157
3.60809
1.32081
3.15108
2.78885
5.03282
1.22063
0.92176
3.79763
6.62627
7.70067
0.483191
0.703904
2.20482
1.1999
0.699778
1.63749
0.8163
0.86901
0.882603
2.21275
0.799876
2.62859
3.7033
1.09789
5.34956
1.62348
4.79303
2.22118
7.34881
5.48467
1.02451
2.57136
1.97139
2.74926
2.61881
3.14421
1.5473
1.1806
1.04389
0.336314
1.67692
2.54269
4.90344
1.16031
3.46341
3.35373
1.00178
0.407023
0.559228
1.68833
12.3788
1.11311
28.1336
30.8978
27.3934
19.7301
27.5018
11.7602
35.0552
29.9115
24.1635
9.85469
14.4116
17.2146
17.0804
36.6275
25.7306
4.62095
20.6109
13.4641
32.8736
32.5712
15.041
1.69918
1.70928
0.892341
1.42045
1.44933
4.85384
1.18576
3.82016
1.47584
1.03438
19.8638
15.7755
1.01581
6.80805
27.3827
3.41241
3.64052
4.68825
3.1093
1.58668
1.75024
9.04294
2.21109
2.15515
1.44735
1.78536
3.42497
8.96383
7.88362
8.70148
0.633397
1.72411
3.04784
2.60385
1.38337
2.01392
7.61921
7.94982
3.17167
3.27835
6.08446
3.45416
5.56
2.43585
28.9452
2.58304
4.27468
2.50124
5.26254
5.20471
1.83506
4.61495
2.66649
2.03822
1.22101
1.50972
5.93617
2.66644
3.34625
5.27098
5.51711
4.69976
2.18232
3.26194
2.32621
2.74981
4.56114
13.7106
6.53321
7.08859
0.910348
1.51837
1.00461
1.29142
1.24916
3.39777
7.9954
2.03267
0.75945
0.339807
0.576903
3.02628
1.08607
0.978485
1.57613
0.588107
4.20611
1.7732
4.95716
1.31805
5.49043
3.20307
4.81453
0.787369
0.572458
1.33978
7.62017
4.87881
1.08474
0.523302
1.89248
0.746476
0.471205
1.86824
0.258447
2.29038
0.942326
1.30959
0.597388
3.31404
3.14767
0.585179
4.8738
1.67511
2.8254
2.14404
3.2359
3.38478
2.03714
1.01124
3.47384
1.98846
1.262
1.87562
2.24435
2.51384
1.67883
0.834076
2.39801
3.13742
5.0595
1.19585
2.8744
3.56003
0.972343
0.466313
0.578792
2.03054
9.79672
0.808526
35.438
24.5092
12.6816
28.9456
18.1152
19.7801
32.6672
24.9582
17.9655
35.5234
10.915
12.5682
35.9749
14.4011
25.2196
11.3865
12.6103
10.5535
29.5034
31.9755
25.9324
0.79168
1.05137
2.92352
2.18796
2.96293
5.77937
1.6491
2.35761
1.68498
1.41473
5.88954
8.19271
2.85619
6.15414
10.378
3.55197
2.17421
1.54519
1.6539
1.83063
1.9003
4.47327
2.09112
2.7717
3.55443
1.01666
2.02354
10.3981
8.0814
5.56798
1.52039
2.87207
3.5332
2.40033
3.28082
2.02357
5.2049
5.63861
4.58349
3.62727
3.80416
5.17741
2.83746
6.83004
12.4556
3.07048
3.32682
1.55876
5.82548
1.44212
2.91128
4.15769
1.46703
1.53736
1.79603
1.72539
2.46001
4.87327
2.08601
3.24768
5.42717
3.26599
6.70147
6.9382
0.9831
2.44123
2.96499
26.5105
6.08397
4.81565
1.264
0.784777
0.775435
0.409317
1.16194
4.05792
7.33993
1.27623
1.3708
0.386391
0.995828
2.52097
2.39752
1.30275
0.500868
0.554652
1.53824
1.50237
4.15945
0.403682
5.61289
1.79438
2.33968
0.861782
0.697515
2.745
3.48882
5.57318
0.844213
0.955346
1.93883
0.473057
0.47392
1.35822
0.323104
1.83866
0.544375
2.11891
0.644106
1.67605
3.74991
1.13168
3.62511
1.60227
3.72656
1.62393
6.79404
3.39197
3.79672
2.26764
3.17441
2.55146
1.56142
2.76673
2.91817
0.945246
1.70101
0.543186
1.07923
2.00743
1.98163
1.03327
3.70527
2.43719
0.929897
0.717691
0.338839
1.25763
21.4076
1.49495
30.0683
13.0231
13.4156
16.462
18.3113
16.3183
20.3707
32.1064
26.3261
15.196
23.9988
33.1537
9.5704
37.7654
29.8806
12.0826
36.0523
37.8448
32.3061
17.4019
20.7063
2.16101
2.81187
3.26587
1.50016
3.40901
2.22332
1.14675
2.12698
0.812647
3.49007
9.38773
25.4795
1.13653
13.3027
14.8342
5.14295
4.76505
4.06157
3.93039
1.91
2.07482
5.14164
3.97216
2.50808
1.8285
2.41501
2.21213
5.19188
18.2317
12.697
1.57818
2.89303
1.76157
1.5964
4.18359
2.35722
5.41145
8.92589
4.80657
5.26549
4.5595
2.75279
6.42184
4.89728
30.3332
2.485
2.11425
2.4387
4.72172
1.45814
3.60979
4.30282
2.94656
4.85243
1.35961
3.88171
5.09636
5.69326
3.55605
3.64321
6.61376
2.67116
5.04227
5.37389
2.3604
1.98626
4.84421
9.16192
4.51892
6.05444
1.0815
1.49674
1.14934
1.30092
0.960836
1.32284
19.5523
2.97346
1.12855
0.715323
0.536719
3.1712
1.7607
0.854174
0.573919
0.622743
1.54304
1.69409
4.54575
1.14716
6.15138
3.04959
4.3683
0.935986
0.573323
2.48104
5.81669
3.3866
1.29544
0.935907
2.41331
1.02803
0.573223
2.05832
0.693646
2.57774
1.23215
1.85244
0.837323
1.11756
2.54325
0.50649
5.4849
4.34042
2.87131
2.3713
5.72863
4.6701
1.69429
1.11867
1.86638
1.75764
2.00481
1.25195
2.43177
0.759725
0.913559
0.661802
1.78337
0.977695
4.49613
0.507378
3.99609
4.87389
0.892249
0.49869
0.329312
1.57742
23.2336
0.868336
16.5488
37.5447
20.6284
25.1995
10.124
15.5928
20.4295
13.3161
31.6674
30.3166
36.8532
19.0943
32.1778
15.3135
14.1775
8.20105
19.9778
25.1928
25.6189
12.307
25.6484
1.90488
3.28152
2.18924
1.40727
1.96071
5.25989
1.33369
1.48629
1.92173
3.16725
15.6403
10.919
3.10497
9.95289
7.10099
3.86968
4.28122
1.91392
4.49521
0.648549
2.18066
7.9119
1.92913
1.09458
1.70243
1.31028
6.34526
9.80438
19.8772
7.63322
0.702139
1.56737
3.3639
3.24987
2.00427
2.29534
8.22122
7.81996
7.60245
6.02408
5.18726
2.54494
2.19094
4.24469
26.9447
3.80632
4.64958
2.66149
4.88332
3.5132
3.50967
2.03629
4.23041
1.6308
3.04178
1.47582
1.70284
1.55387
6.74495
5.46814
4.23993
4.52628
2.61669
6.28674
1.88431
3.47932
4.75176
17.7956
9.22211
4.12992
1.13599
1.45245
1.04441
1.23062
2.37188
2.01019
6.43777
3.44476
1.04225
1.09192
0.904865
3.78691
2.26503
0.572513
0.839206
1.10537
3.5185
1.42036
4.27882
0.498314
5.22002
3.09466
4.20174
0.795699
0.58617
1.40195
7.82211
2.19052
1.27427
0.46622
2.90109
0.368822
0.969523
1.9598
0.707671
1.29885
0.608147
1.92891
0.411035
1.31737
4.53723
0.606564
2.14673
3.17505
5.09927
1.86671
2.79465
5.12264
3.15257
1.83914
3.11642
1.56499
2.69341
1.42722
2.14682
1.12812
1.90359
0.434586
2.19316
2.52344
2.42839
0.896609
2.73746
1.95484
0.875087
0.51757
0.639553
4.65214
9.16712
0.784083
14.8906
26.8539
33.6209
28.6789
23.0358
31.4206
30.2157
21.9453
29.9265
27.9556
34.1803
34.1282
34.1071
19.8043
35.5161
12.3343
19.1159
31.5173
36.5316
15.6046
10.5829
1.12321
1.44054
2.26398
1.57944
3.13564
4.15277
1.50995
1.0622
1.93092
2.76677
21.3459
15.2849
3.1793
11.4742
21.0771
4.97758
4.06368
2.25968
2.16645
1.3211
1.55689
4.06405
3.65629
1.53571
2.09641
3.23921
4.25596
7.9044
16.585
14.5441
1.72208
2.63578
3.91849
1.90664
2.76615
0.895042
4.40515
7.05147
8.33228
2.39571
2.00404
2.85101
3.53178
6.21806
30.4284
3.10529
4.66487
2.5157
5.3896
2.32933
3.11996
2.37173
2.05198
1.66002
4.64051
1.51049
3.73032
3.05447
6.61567
5.47433
5.96738
6.59531
3.5122
5.68515
2.72466
6.92591
3.20212
15.9542
5.98028
3.28239
1.15009
1.16786
0.553914
0.604671
0.848374
1.29008
7.50253
1.11882
1.18236
0.706157
0.695955
2.56396
2.0349
0.39728
1.73962
0.799515
1.36323
1.99222
4.60366
1.40761
2.24631
5.61
4.56483
0.548089
0.670605
1.16608
4.20615
2.88678
0.396179
0.863859
2.71647
1.12827
0.506546
1.91174
0.745812
0.763851
0.94496
2.04562
0.839562
2.31147
3.60554
0.727375
2.28475
4.82667
1.63723
2.57254
7.5641
2.64624
2.0969
1.40822
3.40381
2.12528
3.15207
1.91855
1.96373
1.19104
1.28211
0.527985
0.850026
3.41644
3.02523
0.575679
1.63435
2.08199
0.552492
0.274123
0.649144
1.4405
9.65678
1.21498
20.9484
11.4719
19.403
27.4603
17.8883
29.5525
13.6792
11.0377
35.035
22.6124
37.3068
29.6838
10.3397
22.2966
19.6463
5.62236
37.9479
19.8493
35.8105
20.3888
22.6882
1.36967
1.74156
2.5402
1.52048
1.87296
4.22319
1.07356
1.51321
1.89194
2.91841
16.5321
24.7343
1.50037
5.95661
7.23587
4.74602
2.39662
4.43272
4.74252
1.13545
2.13578
4.84002
2.64408
1.69683
1.10737
2.6397
4.95569
10.724
18.3425
14.8892
0.647602
1.31249
4.30053
1.12868
1.1859
3.32672
6.06213
10.0212
6.99553
4.29839
4.14833
5.49019
2.65994
2.68707
18.044
5.88099
2.54838
2.73454
4.71953
5.01137
3.59938
3.54322
3.88419
1.90924
1.87379
3.1824
5.56598
2.63382
1.8479
2.02857
6.30077
2.92191
6.91937
5.00554
1.68757
2.61032
1.85495
26.3702
10.8536
5.21732
0.649336
1.20572
1.18426
0.915461
1.66018
2.43248
11.742
1.13757
0.496961
0.994351
0.713017
3.25417
1.84333
0.483224
1.23948
0.412069
2.27718
1.3591
5.08502
1.56816
2.69888
4.64849
4.74564
0.978302
0.908735
1.67769
2.73138
2.2649
0.944588
0.273313
1.09123
0.55367
0.263956
2.09797
0.687081
1.35323
1.02769
2.74362
1.33475
1.80384
2.71329
0.803929
3.50698
1.78486
2.33152
3.10568
4.35305
6.18704
1.65336
3.09615
1.12518
2.91863
2.30351
2.29281
2.82214
0.998682
1.61022
0.895621
1.98894
2.15108
3.35799
0.882633
1.29791
1.84394
0.314869
0.32194
0.639129
3.25803
24.9844
1.57591
31.4444
9.9489
26.8571
23.3277
20.0495
25.1438
35.435
25.2142
17.2816
33.344
17.3072
25.1368
26.0031
28.3988
11.566
12.0208
36.6818
35.9478
29.9416
25.1501
33.7971
2.13179
3.28265
1.53515
1.16137
1.43338
3.93987
2.05592
3.15074
2.09876
2.59958
7.76486
10.0578
2.07277
16.0622
26.6599
1.87417
2.44404
4.86442
2.20017
1.00176
2.40885
8.70502
2.85153
3.45289
2.03271
3.80872
6.07089
8.42011
10.9948
13.449
1.69422
1.70688
4.68751
2.21873
3.14718
3.06337
2.76406
7.21286
2.5683
2.62703
7.51352
1.90775
2.05754
4.56511
35.036
3.0673
2.7292
2.67481
4.02812
2.46583
3.22981
4.38013
3.06675
4.93522
3.6801
2.94298
5.93312
5.88312
7.06075
3.81116
7.05025
1.84234
6.77963
6.06068
2.60255
2.84693
1.91271
7.89201
7.18861
2.54991
0.969198
1.34046
0.949452
0.631201
2.64901
3.21259
13.1592
2.62379
1.17781
1.07969
0.309186
1.28245
0.741589
0.621907
1.89602
0.709512
2.71444
1.04813
4.19207
0.533956
5.94159
5.27289
4.42076
0.720529
0.477474
2.67973
5.15251
5.3892
1.08195
0.385003
2.38324
1.03447
0.512125
2.29644
0.678446
2.7183
0.737193
2.21851
1.33119
1.52123
3.79044
0.855084
3.43254
4.82695
1.89938
4.18351
5.81729
4.88305
3.7073
0.846684
1.17899
0.952584
1.04978
1.94365
2.78568
2.17094
1.44704
0.528089
2.17543
1.83126
5.18403
0.785372
4.46036
4.43799
0.691664
0.28308
0.475709
4.30693
7.62516
0.753628
17.2094
26.1203
13.2365
20.002
25.9117
27.429
22.7531
27.6951
20.9114
12.3489
36.6375
20.682
27.2907
16.0535
21.7038
6.94128
13.8668
10.647
34.2744
16.6127
27.7692
0.709685
3.73887
2.88597
1.59959
1.31491
4.83766
0.897103
2.45075
1.49343
3.46375
17.4181
14.5949
0.962424
10.0031
17.2751
3.53019
4.3392
5.11846
3.16132
0.808724
2.09753
4.00251
3.86596
1.03076
1.39823
1.362
2.86123
12.0332
19.8711
6.10707
1.74614
4.43575
1.4066
3.64874
2.44138
2.3121
5.32593
4.53079
5.54124
5.07826
6.72798
7.23917
6.09807
2.84321
32.0699
4.01219
1.71806
1.57649
2.54502
3.34183
3.78953
3.37747
3.96528
5.14145
3.65179
3.05015
1.67205
5.18195
3.86429
5.29134
8.40515
2.90744
2.48605
5.82224
3.10567
4.29941
5.36724
11.5608
4.91935
6.58572
1.03658
0.470797
1.83971
1.22561
2.94229
3.31391
15.3448
1.04847
1.10181
0.915723
0.440864
3.97314
2.45208
0.853221
0.590017
0.951666
2.78785
1.68194
2.34396
0.658641
5.80411
2.96784
4.37781
1.08736
1.08434
2.2688
5.78061
5.64278
1.03006
0.444851
2.71107
1.02276
0.419462
2.76594
0.329445
0.787284
0.994417
3.20386
0.668802
1.30209
2.70079
1.00451
3.11772
2.47858
2.30996
1.51523
5.55769
4.00482
3.26262
1.16032
1.02903
2.9929
1.22621
1.56152
2.78415
1.46309
1.10524
0.735568
2.18619
2.63717
2.52538
0.989989
2.09841
3.32515
0.749764
0.676488
0.530131
2.05954
16.2738
1.10897
26.6019
24.132
18.3989
19.4724
21.4325
18.493
30.6859
32.9855
10.5635
27.7022
9.51273
30.5187
24.5981
32.6721
18.7295
12.159
13.4506
23.8678
13.1963
14.4587
14.0867
1.90688
1.75955
2.60225
2.05623
1.25041
2.0948
1.31652
1.90656
0.678465
2.68068
16.3019
27.6427
1.65928
16.5727
7.73884
2.99761
3.18483
3.57929
1.80327
1.09454
1.305
7.0286
2.43945
2.05308
3.3179
1.12177
5.88371
6.97078
21.5974
12.5265
2.04188
2.12913
3.42184
2.4403
4.66828
1.48001
3.60581
3.93099
8.34558
5.53023
2.34903
6.0276
5.3224
5.20745
13.9026
4.25104
2.10477
1.34505
2.31993
4.73081
2.40748
1.45207
2.09938
3.59344
2.20626
2.03988
4.96239
4.63606
6.21205
5.70888
3.76569
5.30799
3.66501
6.05296
1.93701
6.6577
4.20964
8.02153
5.27997
3.87121
0.892298
0.854585
1.12733
0.630013
1.95059
2.95456
9.17602
1.94649
0.942092
0.715975
0.499445
2.38773
2.41786
1.07389
1.3597
0.543017
3.97317
1.01993
1.90449
0.526339
2.17166
3.2401
1.80653
1.09139
0.75514
2.53448
6.84326
3.11485
1.02891
0.977476
0.794829
0.563746
0.673727
2.29501
0.594341
1.44899
0.465038
2.61754
0.706714
1.89798
1.43687
0.825837
3.22081
4.2532
2.04219
4.04859
7.49843
5.51806
3.02663
1.73934
3.3388
2.87529
1.83853
0.849256
1.47108
2.71918
1.93502
0.439388
1.09341
3.02775
3.21019
1.37788
1.84004
3.30056
0.329197
0.787959
0.720448
2.30414
16.8048
1.67595
33.1495
22.9764
17.9791
9.99925
24.0346
30.5231
29.728
20.5317
11.8522
19.517
25.6103
9.55064
26.2532
32.2101
24.0557
6.45463
22.1957
15.3941
34.9826
36.0999
26.0166
0.766989
1.71881
2.46598
0.635927
1.78563
1.78662
1.21145
1.15362
1.43096
1.06581
9.77092
14.2839
2.34565
12.5626
25.5587
1.98552
2.29491
1.41716
1.87942
2.30868
1.45657
9.02755
3.58266
3.23125
2.10579
2.04878
6.33366
8.46186
14.374
5.66547
2.45845
3.4935
1.95615
3.29304
4.37661
1.58725
7.72735
10.5361
7.5425
7.06258
5.97996
4.81752
2.16484
2.09805
17.072
5.08313
3.23347
3.03276
2.37061
4.41977
2.70598
4.35722
3.76232
4.64867
2.42074
1.70206
2.67065
4.81944
5.22417
5.47712
4.83796
4.57899
2.19408
4.98644
2.51194
5.22141
5.08411
25.0889
6.14926
6.72157
0.487006
0.444522
0.573658
0.711082
1.08529
2.58444
8.64226
3.10341
0.85772
0.62806
0.826551
3.68617
0.938272
1.05027
1.64548
1.07881
3.43192
1.92945
2.93806
0.7243
6.32425
2.77372
1.29694
0.790012
1.0809
1.15012
4.91221
5.96432
1.28022
0.711199
2.5375
0.603522
0.878242
2.3665
0.623937
0.954091
0.906191
2.11829
0.666155
3.61383
1.27949
0.984312
2.42016
2.08783
3.70268
2.18306
2.99658
2.35223
3.06896
2.38501
2.82324
2.79774
1.87244
0.902368
1.5342
0.762561
1.94501
0.523452
1.98417
1.61
3.04356
1.01336
2.69439
3.95719
0.361342
0.526002
0.386557
3.41694
20.1868
1.99238
37.1566
25.7714
29.0245
32.3141
15.418
37.6477
35.053
35.4064
30.4915
12.4638
16.5483
17.9472
22.9054
12.6556
21.4655
3.36265
29.5267
17.0632
16.7536
34.4186
36.4956
1.61604
1.76523
0.920363
1.58585
3.53074
2.57168
2.0696
1.73146
1.04139
2.09938
15.3969
26.5244
3.29826
13.0669
15.076
2.31899
2.59427
2.95547
4.15717
1.49136
0.657646
3.89946
3.4168
3.55205
2.52982
2.9904
3.22126
9.50265
17.8977
10.6779
0.737201
1.47793
4.20996
2.76955
2.1422
2.59415
3.5037
4.64126
6.54276
2.54462
6.38332
2.89966
4.51713
7.43785
30.8621
3.62316
2.72502
1.84716
6.24445
1.88864
1.65096
2.10839
3.92393
4.89166
2.31905
1.40121
5.27882
5.14947
5.94863
4.51837
8.06758
6.01064
4.95216
5.77878
1.50018
4.08456
2.37305
10.3861
11.6929
3.49936
0.835944
1.05088
1.0768
0.74268
1.32257
2.02626
17.8691
2.60231
0.79621
0.669439
0.760022
2.84842
1.4973
0.840944
0.950328
0.820127
2.71117
0.651874
4.81807
0.911585
3.32927
4.75566
4.48954
0.525754
0.58522
1.98421
7.88603
4.3579
0.617342
0.974743
1.53648
1.12428
0.625225
2.65891
0.823351
2.5295
1.11342
0.865668
0.663474
3.47805
3.71124
0.572638
1.55832
2.18808
1.52704
4.2246
7.82877
3.82546
1.78046
2.05903
1.18916
1.79864
2.79882
3.17856
1.69749
1.50249
2.33955
0.521001
0.916301
3.06387
2.2828
0.987076
1.82612
5.12501
0.77206
0.699381
0.659972
1.67666
26.6382
1.23573
15.6553
26.3995
23.6309
27.7993
22.3762
13.0527
34.1912
27.7867
32.6011
23.9888
11.7835
18.4271
17.4445
10.3528
26.0152
7.31596
11.0023
37.4926
32.4658
37.7412
19.2099
1.1508
2.33111
1.33199
1.85491
1.52509
4.5858
0.87199
1.06612
1.16093
2.34301
6.78029
13.9595
2.87298
13.2086
17.7568
4.24681
3.79361
2.93821
5.89776
0.829494
1.74992
3.01901
1.07381
2.78142
2.42087
3.92517
4.89401
8.8717
8.31786
11.2434
1.70849
4.61856
3.44326
3.50606
1.51435
1.84316
3.93883
9.89303
5.19179
4.5768
7.6338
2.0016
5.40087
6.21489
25.3124
2.54579
2.34213
2.15024
4.38549
2.11761
4.09201
3.93122
3.65073
1.76206
1.40453
3.1442
5.38715
2.12737
3.09146
3.90934
5.5688
4.32427
6.92983
6.58851
1.03652
6.87552
3.17625
10.6663
7.52239
2.85298
0.630862
1.43297
1.67589
0.759612
1.25933
1.54674
14.5953
1.26457
1.21458
0.868804
0.658109
3.64923
1.78002
0.380142
1.69576
0.802349
4.68066
1.47069
3.36426
1.18742
6.42546
3.55336
3.46925
0.441659
0.975795
2.86414
2.38238
3.20427
0.699234
0.466207
1.86638
1.05254
0.585672
1.96168
0.487011
0.910905
0.409245
1.58145
1.06005
1.6202
3.03767
1.08479
1.92319
1.25638
3.44171
1.90517
2.77128
5.84001
2.47979
2.62803
3.5712
2.8331
1.02647
1.75498
2.30273
1.29263
1.65243
0.822646
1.88534
1.96746
3.94736
1.38523
2.93491
3.29342
0.352982
0.502616
0.719148
3.56759
19.1529
1.33534
13.8138
24.5748
30.4403
16.6869
9.61561
20.0174
26.7354
13.227
12.3375
34.7164
30.5296
11.5189
23.2445
21.3484
26.0234
6.27433
30.4825
30.2444
27.5767
26.2331
13.8036
1.99005
2.62563
1.50067
1.48776
2.73566
2.30231
1.34107
2.07356
1.02348
1.52598
13.4101
12.3636
2.82599
9.18444
13.7304
1.45664
4.49294
4.1921
6.047
0.783918
2.04154
3.68523
2.50618
1.96347
3.66987
1.60904
1.70342
7.52068
5.62354
17.9403
2.01646
3.97339
2.83418
1.13503
3.95538
1.35438
4.3897
6.95905
7.91793
4.51174
5.16027
4.44405
5.31955
2.80111
17.296
1.69462
4.54005
3.59879
5.99
2.32167
1.35147
1.35789
1.4042
2.49579
4.7521
3.95134
3.4526
2.9168
2.19823
3.8306
3.00484
2.32406
4.04281
5.13567
2.09535
2.48117
1.77281
17.8594
8.18583
4.41141
0.475162
0.964499
1.52435
0.659096
1.26827
2.29944
16.8342
2.98987
1.50671
1.03444
1.12011
1.81761
1.95359
0.479786
1.5207
1.32823
3.43737
0.609317
3.71277
0.44375
4.59005
4.93788
1.68107
1.1749
0.963155
1.49504
6.42008
5.26787
0.618743
0.692562
2.85077
1.31681
0.697993
2.55639
0.564163
1.44449
0.997235
1.58304
0.520389
1.06019
4.49254
0.368905
4.59737
4.476
2.01358
2.92537
7.78791
6.20362
1.56061
2.6911
1.33497
2.02153
0.867693
1.16934
1.15789
1.94637
0.792634
0.436484
1.40895
3.23214
5.45886
1.64915
4.35448
1.65515
0.958484
0.270047
0.543192
1.25056
10.9665
0.761277
17.0045
28.7115
29.6556
14.3816
23.9283
29.5631
37.5738
36.8103
27.0057
20.4136
32.855
10.3196
32.2314
37.0526
21.1333
12.5232
10.6627
26.2417
12.7698
24.3135
23.5052
2.28371
1.28476
2.08798
1.59157
1.09393
5.11506
2.1332
3.41184
1.92961
1.26402
5.95913
12.2662
0.989223
14.3475
11.952
4.93435
1.59976
3.96856
3.22284
1.54101
0.637871
9.61939
1.12219
3.77615
3.55393
2.64181
4.0076
6.32035
9.9841
10.8863
1.19747
1.37024
4.81235
1.72124
2.34323
2.79682
4.64508
3.56776
3.90472
5.16108
4.63951
5.54316
1.9662
6.38984
30.2363
2.03786
3.02708
3.47029
1.61056
2.24642
4.4921
3.81354
2.85448
4.54406
3.7728
1.50913
5.82121
4.64146
5.42725
2.97025
10.0354
3.76957
4.3656
4.3851
2.04684
6.64597
2.63685
10.29
8.76034
3.48733
1.0036
0.413098
1.31924
0.359641
1.33253
2.05134
20.1553
1.76197
1.39843
0.314701
1.17118
3.33227
0.991835
1.05134
0.923477
0.586607
3.85646
1.02837
3.68515
1.49918
1.95639
5.44239
4.6999
1.2146
0.912436
3.58597
4.46132
6.8587
0.764693
0.678034
2.67375
0.3862
0.519868
2.13061
0.544677
0.78849
0.673302
2.56594
0.531223
1.394
3.05699
0.801842
3.41352
4.74476
4.43329
4.41102
5.61366
5.51455
1.54005
2.83436
2.52179
3.54804
2.2781
1.30838
2.16713
1.91753
1.46957
0.467582
0.637092
1.03828
2.53112
1.50414
2.02899
3.90783
0.906083
0.815918
0.443944
3.28058
16.2484
1.47308
34.018
13.6958
12.5599
17.9718
20.9505
36.0249
23.0914
36.8011
37.143
33.0576
21.4873
36.3237
20.1412
19.5135
18.0782
3.57561
15.6709
25.2915
34.3251
15.7918
29.904
1.4205
1.42013
2.97952
1.94417
1.18304
3.62855
1.06658
1.06651
2.37432
3.24635
18.653
11.5325
2.15628
6.06376
27.4428
2.95934
1.95508
3.21904
5.9029
2.28395
1.58218
6.49182
3.5249
2.6864
2.74855
3.54415
4.51918
9.64641
10.859
8.12722
1.86937
3.99303
3.17651
3.84912
3.18725
1.61441
5.98762
6.19734
7.85367
5.74275
5.30569
4.04339
3.94501
5.06893
17.8821
1.9947
4.60469
1.22321
2.11527
3.22317
2.97327
4.08576
3.78603
1.36752
4.6403
2.66288
4.76975
3.11067
5.36449
5.39276
2.95699
2.08792
6.18825
3.08967
2.30289
6.74817
3.203
9.85981
11.0302
4.17122
1.13631
0.885325
1.11226
0.446907
1.44927
1.92136
18.7701
2.94224
1.01057
0.665914
0.808581
2.16197
1.09353
0.810476
1.17546
1.34309
3.87297
1.04907
4.82416
1.15184
3.25381
3.11334
1.89523
0.586938
0.818386
3.20468
2.34668
3.91249
0.661179
0.322168
2.56846
0.537472
0.907509
1.82981
0.661583
0.985574
1.06696
2.94474
0.711763
3.4987
3.4107
0.734673
4.28932
4.45109
4.78305
4.4241
7.85452
2.13151
1.6395
0.998686
3.48956
1.22822
1.04837
2.88749
2.34876
0.993965
2.45527
0.637489
2.14884
2.82247
2.91637
0.956415
2.93487
4.2646
0.887015
0.38164
0.304839
2.47991
7.65299
1.52099
32.1554
29.9171
21.9404
34.817
20.9942
19.6725
23.9813
12.04
10.9356
32.8602
29.5849
17.7769
21.5682
19.1391
18.9729
5.95072
20.0881
14.9935
14.5434
20.6336
37.1199
0.82927
1.84747
1.86328
1.53002
2.72013
4.62322
2.41598
2.00642
0.687755
1.88961
7.45803
16.2477
1.40929
8.34991
12.6519
3.9373
3.82087
3.78821
5.88794
1.33523
2.38033
6.67127
1.62749
1.34402
1.03155
3.10479
4.81606
10.854
6.42197
9.95899
1.7868
1.94031
3.83482
3.07737
4.22927
1.92527
6.03416
8.7891
3.52271
3.30916
2.32702
1.88667
2.28649
5.33607
22.9695
1.98385
2.86135
2.39296
4.70202
5.15994
2.03481
2.59601
2.21578
3.93696
2.95083
4.46695
5.27736
3.07577
7.24064
4.91156
8.05308
4.91417
6.75084
3.61019
1.93036
4.61277
3.16261
17.3336
4.00503
3.11354
1.16156
0.439267
1.68765
0.992343
1.58389
3.16253
7.23172
2.88864
1.1399
0.610041
0.650466
2.15225
1.12559
1.26603
1.29654
1.09358
1.52402
1.90978
4.22804
1.22652
4.67113
2.23714
3.97983
0.927006
0.989044
2.3845
6.21128
5.09875
1.3076
0.433076
1.52093
0.826663
0.655643
2.03294
0.775758
2.50916
1.11764
1.53596
1.03323
3.22634
4.57608
0.557084
2.45998
1.73527
3.39537
2.16477
2.71633
1.90909
2.45371
3.01887
2.25783
3.53302
2.31382
2.46611
2.6988
0.693225
2.25064
0.889706
1.31031
2.89605
1.62815
1.54753
3.36785
3.72804
0.446105
0.333144
0.58624
4.93114
18.5362
1.51055
28.5909
18.0674
27.1583
24.4566
21.5476
16.8142
20.4035
23.6338
24.9145
20.192
10.7669
21.8198
37.7701
19.7736
19.4841
9.93101
33.6711
20.8248
25.3865
13.3094
18.6685
1.50408
3.6925
0.951971
2.45426
1.10989
2.98976
0.617778
3.31052
2.00675
1.01697
12.7921
23.9552
1.88536
13.2336
26.0248
1.69548
4.0232
4.46612
2.02423
1.09249
1.39832
8.52397
2.75081
2.99645
3.61926
2.5128
3.97648
5.20482
10.7859
13.1977
1.88392
1.57475
3.31768
3.33941
2.32426
2.238
6.4749
4.67262
8.45312
3.88244
3.88265
6.4073
2.37939
5.45198
11.0967
4.14753
1.88972
1.40019
6.29288
2.77742
3.82566
2.49109
4.48005
2.72051
1.58011
3.13742
4.96999
4.31211
1.90731
5.96106
5.46288
3.77022
3.41702
6.78392
1.22569
5.22429
3.06978
11.5766
9.03649
3.86192
1.03891
1.4947
0.737097
0.545341
0.858311
3.57283
6.43735
1.39984
1.04916
0.600445
0.470449
3.26485
0.898923
1.0127
0.714793
1.33211
4.37712
1.29548
3.60835
0.41891
4.56647
5.82441
4.78017
0.884162
0.88627
2.76306
5.21709
5.18896
1.09958
0.965971
2.19917
0.682562
0.596806
1.22298
0.583247
1.75806
0.471279
2.12202
0.427216
1.63347
2.1288
0.458266
4.9061
1.86705
2.17741
1.78126
6.27501
3.33149
2.35587
0.927118
2.53235
2.64287
2.75908
0.956716
2.78088
0.726066
2.11253
0.472452
1.80977
2.67082
3.31802
0.550345
4.24571
5.09156
0.34635
0.939837
0.43618
3.25843
22.0095
1.59673
13.5088
32.1558
35.0774
25.7687
32.9245
23.0918
14.9871
11.7962
24.2364
13.3598
35.1672
11.8209
18.6447
25.8993
33.3459
3.41059
23.0486
17.191
12.084
28.853
32.8948
1.04523
3.26639
1.1902
1.6737
0.935517
1.7573
2.33263
1.35552
2.13436
1.04367
6.26619
21.0672
2.21712
12.5353
8.1246
4.80043
3.43024
4.3805
5.7735
0.77243
0.690018
5.98056
1.37826
3.93315
1.73332
2.04254
6.26638
5.96846
5.47933
9.66318
1.06981
4.18467
2.17915
3.4404
3.48107
0.910872
4.01315
5.50859
3.24094
5.54646
7.68538
5.89964
5.19349
5.15077
29.0782
2.403
4.73421
1.08113
2.24403
3.83836
4.3345
3.56133
1.40688
2.77988
1.49706
3.2779
3.80001
5.94992
2.3085
2.81907
5.51183
4.61638
2.5445
4.95665
2.46785
2.50964
4.92231
23.8747
10.5174
5.01548
1.1152
1.45116
0.850156
1.2658
1.76187
2.59705
11.448
3.16728
1.2427
1.1203
0.779364
1.71856
2.41357
0.968965
1.47079
1.31526
3.36054
0.913493
3.96288
0.575293
5.19834
3.00269
2.35574
0.805378
1.14794
2.13192
6.34032
3.97607
0.548849
0.967418
2.89689
1.16202
0.433688
2.0913
0.535758
2.55341
0.921736
2.61918
0.633439
1.98979
4.26043
1.0256
3.32354
2.19136
2.89618
4.34283
6.4391
1.80923
1.25737
2.1561
1.92014
3.50182
2.84262
1.25442
2.65501
1.75043
2.18964
0.572925
2.3954
1.5424
2.94121
0.699567
2.97525
2.61013
1.01148
0.631104
0.566499
3.28527
21.64
1.66785
34.7537
21.8738
23.1997
34.764
33.7787
16.6259
10.2207
25.9786
35.8575
15.3691
31.9634
35.1412
24.9872
23.8991
30.0994
9.30914
21.1503
13.1191
34.7093
11.4168
24.9345
2.04471
2.78458
2.84462
2.3817
2.1292
5.0028
2.45267
3.49851
1.90857
1.15163
6.37877
7.38285
2.05939
15.2929
23.1769
4.14729
3.18971
4.57059
1.92206
1.36384
1.81251
3.98442
3.999
2.46506
1.25237
2.62941
2.26697
9.0977
21.3613
8.74055
1.80511
2.49901
2.9162
1.51472
3.09638
2.18381
5.27262
11.8326
2.66044
4.97103
5.24783
3.16635
4.16571
2.07574
17.2005
5.1247
4.37596
2.39606
5.77679
3.98141
1.91333
3.9149
4.39134
1.71449
2.03527
2.51963
4.42647
5.96881
4.57554
2.28985
9.37866
6.35856
6.82087
5.26334
2.40529
6.44398
4.98418
11.7491
9.17176
5.82379
0.891483
0.582883
1.10848
1.13974
2.37013
2.03769
14.6653
1.99679
1.03401
0.490354
0.81678
3.80312
1.44659
1.23262
0.596771
0.833633
4.35149
1.20651
3.52091
1.03645
4.52641
4.14636
2.04268
0.920809
0.348772
1.26006
3.74637
3.28782
0.759625
0.510048
2.16161
0.429702
0.524754
0.888693
0.382032
2.27027
0.454847
1.07212
0.743905
1.75622
2.24175
0.83707
3.70685
4.84948
2.93252
2.2772
5.57703
4.73911
1.84156
1.22679
1.5674
3.25714
2.85724
2.66296
1.57453
2.69754
1.17253
0.734256
2.27341
1.12676
1.78941
1.2071
1.12374
3.62052
0.918857
0.368119
0.288808
4.75072
14.5847
0.835997
14.1483
18.4396
24.2458
35.064
10.3742
10.7941
12.6323
12.865
25.9321
34.9772
19.8523
29.272
11.1611
26.7436
11.9408
10.5782
13.6607
35.6227
36.3325
18.1992
21.6327
1.0329
2.43507
0.877596
0.616794
2.68828
1.64772
2.41286
1.48817
1.94725
1.44917
19.9692
18.3265
3.0379
5.2387
9.54543
4.48697
3.05352
5.01053
4.26927
0.925529
1.83265
11.0972
1.93974
3.30203
1.88894
2.87675
5.45521
3.04254
7.99566
21.3669
1.41252
3.43896
2.09018
3.51815
3.45129
1.57449
7.38976
6.22553
8.42725
2.8451
4.56654
6.30344
6.03459
5.06245
37.1491
4.33887
2.68715
2.75345
3.5577
1.406
3.5246
3.24125
1.60759
4.42104
2.6224
4.16082
2.96339
3.32969
2.25894
3.019
7.05722
2.47161
6.47516
3.82692
1.30225
5.73326
4.94728
25.861
9.59688
5.62749
1.09705
0.468424
1.91789
0.791731
1.5579
2.12908
13.3333
3.34313
0.42293
0.924101
0.987562
3.82727
2.02545
0.528733
1.24813
1.3286
1.32149
2.01981
3.34263
1.27486
4.6755
5.18517
3.21558
1.2173
0.732831
1.93785
5.16351
7.59665
1.17383
0.392836
1.6919
0.751165
0.43345
2.43615
0.238509
0.894487
0.706273
1.78929
0.363342
2.70833
1.72398
0.792851
2.09048
2.91932
1.62201
3.56049
7.75441
4.9082
1.25407
1.57112
2.13969
2.7277
1.59479
2.55301
2.78669
2.68224
1.35644
0.763686
1.56955
1.99273
4.00864
0.929064
2.94518
5.00218
0.92853
0.381039
0.290147
3.2881
26.1258
1.70101
22.7216
10.8053
34.4376
23.0555
21.5985
26.3415
27.6582
21.683
11.7832
12.6173
36.8797
16.2598
33.6041
26.4588
35.8936
4.02666
20.021
28.336
19.6083
13.3992
37.9878
1.54807
1.7161
2.99414
1.61362
3.17852
3.48317
1.75299
2.96389
1.45142
1.02384
18.0495
27.5509
2.21407
12.6704
8.63361
5.36455
2.09464
2.75997
4.65366
1.51665
1.37554
8.57687
3.41792
2.42139
2.40277
2.94831
3.70742
11.4683
9.76199
8.60461
1.32372
4.69153
2.89088
1.21187
3.2107
1.13888
5.78759
12.1226
7.75719
2.26592
2.99451
4.03085
3.12476
3.965
31.8431
4.27969
2.90775
2.78045
6.06859
1.42284
4.4572
2.22622
2.68807
4.45831
2.15314
1.31995
3.9785
4.09534
3.98013
5.1583
8.79409
1.71781
6.21861
5.81424
2.54728
5.97195
5.57641
30.6891
5.48324
3.90709
0.612143
0.928194
1.84976
1.02521
1.53151
1.87219
6.60325
1.75056
0.454001
0.97462
0.822058
3.16081
1.03759
0.936054
0.885625
0.725448
3.01946
1.94314
3.96
0.767486
4.35777
3.3497
4.00578
1.12816
0.34497
2.91599
2.67779
4.17735
1.43151
0.384071
1.43823
0.954591
0.491048
1.89546
0.606044
2.62819
0.90487
2.27998
1.29864
1.57866
3.48761
1.1198
2.10388
3.35447
1.33465
4.05144
3.07115
3.19423
1.99953
1.48215
2.0358
1.35266
1.43789
1.98896
1.84128
0.698102
1.5956
0.440305
0.872396
1.89613
3.98169
0.763635
3.07212
2.19643
0.457857
0.332823
0.363186
2.90026
19.7477
1.08301
27.4855
20.6033
38.0242
13.9334
26.242
28.0052
35.8796
14.5926
15.0585
27.5901
26.9577
27.3971
13.9464
25.405
22.4285
3.39762
33.8505
14.874
29.1358
22.1959
13.5833
0.639485
3.67518
1.77902
1.8656
3.43759
2.50916
0.621261
3.54914
2.03602
3.26169
14.7853
10.3378
1.41379
10.9125
12.7349
2.36983
5.53293
3.35183
5.37579
2.30074
1.31343
7.08437
3.00527
3.83605
2.58742
1.90835
5.25399
7.13256
11.5396
21.0285
1.38216
4.61061
4.37805
3.35329
1.37322
1.7607
6.27466
8.75594
6.30818
6.25178
2.21338
5.53681
1.6879
4.6538
14.109
3.0931
4.72298
1.46841
4.86072
1.93991
2.67043
3.7135
4.93226
2.82217
4.50365
3.51744
5.04786
4.31832
5.89328
2.51822
11.1517
5.88331
6.09478
7.11093
3.19115
4.6537
4.16001
23.5731
8.29608
2.74713
0.608617
1.34003
1.31009
1.30834
2.71289
2.57605
12.4294
1.37988
1.17338
1.0952
1.05403
1.39869
1.4444
0.681364
1.93892
1.24973
3.70692
1.07497
5.02282
1.38871
4.94829
2.12414
4.61158
1.0066
1.10172
3.66721
7.91915
2.75973
0.638445
0.341224
2.60119
0.542724
0.604499
0.889602
0.621349
1.01506
1.04239
0.833307
0.451801
1.93545
2.74626
0.679574
4.53971
2.59966
1.96466
3.49661
4.53262
4.91643
3.79046
1.13846
2.32795
2.19141
3.14715
2.52197
1.2454
1.86555
0.832601
0.300888
0.703016
1.36844
4.73266
1.62764
2.05195
1.69179
0.742613
0.891864
0.399214
3.00624
22.0054
1.62043
29.5378
32.6912
38.2554
24.4986
22.9378
25.9021
30.8726
21.3491
36.2249
27.9297
34.2342
30.4641
17.5889
35.8579
19.3712
6.88249
14.5331
10.8824
13.0847
30.8901
10.9637
1.24781
2.99783
3.17403
0.883975
1.80996
2.55432
2.35399
2.56598
1.17513
2.22809
15.053
22.3234
0.995431
8.3645
23.9315
2.65795
3.96413
5.28446
3.26576
2.15542
0.701015
4.38385
3.16195
2.57983
2.00141
3.15782
3.79584
9.2672
14.7991
21.038
1.61275
1.71614
4.0359
1.53605
1.24798
2.10157
3.25182
9.71137
7.39985
7.16922
7.50535
2.00018
4.38332
6.41275
28.9031
4.86252
2.75454
3.70452
5.72751
2.63722
4.51658
2.79016
2.35482
3.26079
1.56126
2.14449
1.98216
5.28639
3.87973
4.96133
8.49762
4.37128
4.74384
3.30701
1.15285
2.90956
5.32737
9.92512
3.67309
4.45882
0.960517
0.689518
1.0868
0.429951
1.02447
2.96314
12.2906
2.70756
0.650524
1.03233
0.946836
3.66311
1.96558
1.06028
1.5002
0.676507
2.0444
1.35086
1.43944
0.834726
3.34638
5.73889
4.20717
0.686278
0.810225
3.39044
3.30653
6.80906
0.389648
0.508396
1.57932
0.733536
0.8984
0.705133
0.277821
1.41268
0.370568
1.40518
1.12432
3.30381
3.12993
0.839039
2.86322
2.56108
1.29864
1.25706
6.13525
4.97191
3.27212
2.28727
3.47612
3.44349
2.80613
3.042
2.02833
1.25814
0.977098
0.390766
1.6933
2.78636
3.0673
0.839427
3.9727
4.85714
0.639006
0.732238
0.661717
4.37398
10.311
1.56682
36.6006
37.6558
16.3761
33.8693
19.1893
14.3731
14.2749
16.2068
24.3707
12.6994
21.6946
13.485
17.6869
36.5516
35.7456
4.6779
14.6174
28.2387
30.4095
23.3449
9.93593
1.14858
1.80085
2.8281
1.95055
3.10828
3.30777
1.3813
3.98432
1.40916
1.66974
6.97697
11.2021
1.25068
10.3327
15.071
1.42455
4.71239
3.92839
3.55294
1.14132
2.36519
6.8672
3.96867
3.36661
2.52976
1.14044
4.23945
3.57316
17.3323
6.19268
1.6691
1.19042
1.82249
3.80746
2.62847
3.02314
3.90343
11.2447
8.04707
3.37002
6.28505
2.03454
6.36433
2.60937
33.0451
3.81007
4.06749
2.82985
6.04079
4.66534
3.42486
2.34955
2.95034
3.28928
3.88532
1.6652
1.96789
5.95025
5.4993
5.1984
7.92499
4.089
2.33447
5.90779
0.924335
4.66517
2.41689
21.8214
3.2755
2.4988
0.529324
1.04921
0.504679
0.840838
1.98901
3.85667
10.8654
2.79014
1.36206
0.514837
0.959593
1.66364
1.48948
0.922718
0.497265
1.06845
2.51373
1.42176
2.7299
1.50688
4.56293
3.29744
4.29811
0.358541
0.970201
1.12045
2.21173
3.04682
1.02234
0.469901
1.03477
1.26328
0.337891
0.76689
0.422023
1.46979
0.593774
0.871323
0.996074
3.71722
3.85639
0.885039
3.95641
3.96389
1.46703
3.71646
5.73618
3.19071
3.13293
1.23895
3.73779
1.58543
1.35728
1.70532
2.57098
2.53328
1.85175
0.812976
2.10843
2.97708
3.07522
0.747049
4.29575
4.48789
0.501392
0.71085
0.475479
1.32479
15.8346
0.55141
22.2853
12.9515
34.4922
26.6907
22.341
24.2389
13.5638
14.3236
10.6773
10.8907
31.2465
33.1711
25.1899
15.643
14.6998
12.6899
18.5959
28.1403
29.1084
29.3589
18.1472
2.32525
2.34286
2.47256
2.0674
0.947133
2.40958
2.14273
2.28819
1.79828
3.51628
11.8204
10.9873
3.30727
10.9229
15.618
3.80793
3.10607
2.15169
5.62224
2.40433
1.25358
3.08415
3.50113
2.82398
1.74796
2.48152
3.5817
9.8464
15.2336
15.9214
2.38095
4.36981
1.40291
1.115
1.84942
2.99497
6.02467
8.2835
4.64123
2.16725
2.24567
4.36776
5.8049
6.79987
25.6958
2.32071
1.30333
3.97041
5.7862
1.90534
4.08157
4.59862
3.83621
1.48172
3.3485
4.76641
3.58457
5.20013
2.18525
3.74631
9.76901
2.92161
5.80838
5.49294
1.76967
5.17174
3.20774
8.43679
9.15348
2.47866
1.13646
0.846705
1.5683
0.422765
1.70299
1.66212
17.5622
2.87926
0.401401
0.986886
0.693896
3.79773
1.56964
0.81426
1.46232
1.25058
4.46352
1.49984
3.28626
0.935544
6.26091
4.58022
2.38752
0.640396
0.757908
2.39477
4.76113
7.45242
0.877153
0.983913
2.79859
1.15987
0.271644
2.40183
0.846327
1.28237
1.32911
1.78641
1.07695
3.12924
4.20071
0.658313
3.91558
3.81292
1.42515
2.48227
7.69874
5.40951
1.10193
2.73814
2.10442
1.17074
2.35499
1.82656
2.64452
0.703799
2.15711
0.736583
2.05112
0.976154
1.66172
1.62671
1.94882
1.33189
0.625976
0.322418
0.323115
1.49849
18.5563
0.85126
21.8293
14.3179
26.8528
22.3056
10.9223
16.6543
9.45268
20.8502
24.4146
20.1654
12.1915
12.4154
36.231
18.431
27.6588
11.5184
34.8636
37.6186
22.2925
34.5102
10.6342
0.934479
1.63547
2.263
0.803452
3.25088
4.80874
1.39784
3.84096
2.17536
2.96253
12.0717
9.22543
2.28078
15.9482
14.5607
1.94174
5.13734
4.4861
5.27773
2.42448
1.42849
10.1851
1.23798
1.67659
2.95531
1.57788
3.65893
5.07479
19.9186
17.8766
0.972013
2.51649
3.08023
3.13609
2.21309
2.29976
7.70857
5.4443
4.6994
4.44923
2.41997
6.89964
4.69418
7.4434
11.8042
4.21193
3.43459
3.70157
2.86004
1.64659
3.1237
2.49303
2.32212
2.94625
4.25267
2.18594
4.34821
2.57457
4.67727
5.96787
7.54657
4.1074
3.00715
4.21068
2.63593
2.74801
1.87571
29.3169
5.12729
7.18001
1.06463
1.19669
0.776663
0.465047
1.78904
2.86413
17.5059
2.28717
0.825379
0.395658
0.451677
1.30145
2.34
0.642391
1.74504
0.355252
3.21649
1.73499
3.04595
0.967947
5.65841
2.64661
4.71663
0.565524
1.12251
3.78432
3.84723
7.24553
0.950329
0.564022
0.937774
1.15106
0.84137
1.23072
0.263891
2.25092
1.33213
2.28215
0.644951
1.04238
2.6185
0.920593
5.50865
3.82502
4.04372
2.19475
5.62166
3.10908
2.73368
1.81947
2.49593
1.00922
1.41217
1.86444
2.86008
1.351
1.31106
0.300627
1.81904
3.08476
2.32727
0.967229
1.16113
3.65202
0.598742
0.827269
0.622042
4.7606
17.4066
0.653943
33.5461
14.5369
18.1883
35.3657
32.1267
26.7247
32.596
36.5742
30.793
27.8952
18.0918
15.3137
9.81412
35.8863
20.312
11.5612
23.6644
28.3997
13.0899
35.4055
21.8899
1.61124
3.68857
3.07149
1.19697
1.27297
4.60087
1.40709
1.60097
1.40158
2.97604
21.7643
14.9297
2.42487
8.37527
23.6053
3.99389
3.03089
4.7023
3.86593
1.79557
1.32516
4.94139
1.83733
3.17335
1.93744
1.27173
3.66044
9.44243
13.6431
14.3927
0.658227
1.4658
1.40355
3.79131
2.26806
2.93751
5.10453
9.64835
5.15483
7.14583
4.19853
5.29008
4.28248
3.13746
26.1661
2.3878
3.53389
3.25669
2.12205
1.61585
1.58891
2.46881
2.17053
3.40815
1.43918
4.93259
4.60554
2.49941
2.5074
5.48581
9.19618
4.20764
5.94385
6.80668
2.12495
3.87919
4.4388
26.3196
9.14495
3.43353
1.18433
0.570491
1.07456
0.854645
2.50499
3.01956
12.4886
1.96243
0.749573
0.363178
0.632756
2.94654
2.0463
1.16077
1.72804
0.671642
3.17904
1.4625
2.79294
1.57167
5.18317
4.08341
1.99006
0.592468
1.09345
1.12345
6.12823
5.57236
1.15779
0.584068
2.38058
0.387425
0.64395
2.58101
0.609013
1.34167
0.783679
1.4816
1.08334
2.36335
2.0222
0.748909
3.29239
3.79132
4.49761
3.88862
5.18139
1.99939
1.73138
1.8605
2.84162
2.58302
1.45007
3.03447
2.79115
1.54202
0.975457
0.35235
1.29844
2.4485
3.2454
1.26957
3.9534
1.55348
0.799918
0.38032
0.511163
3.61976
18.237
0.763248
25.1708
26.9213
17.296
24.4747
29.1331
29.7309
33.4105
18.1573
22.4765
13.7905
29.1118
22.517
32.3004
26.9225
24.2249
11.6238
10.5104
18.3851
19.5917
29.2838
22.2525
1.31449
3.27111
2.20973
0.812626
3.59196
6.25508
0.909962
3.88395
0.722917
1.67193
14.9798
9.70832
1.88743
16.9073
26.1418
1.63389
3.42203
2.67285
2.82303
1.51061
1.4622
5.29092
4.16143
3.18796
1.10956
2.94698
3.7203
7.36675
7.90434
13.5278
1.5107
4.43853
3.66332
3.05789
3.29245
1.47478
3.19644
4.66882
3.68111
3.09697
6.80255
2.5008
4.84235
4.91704
23.5244
3.62724
4.74312
2.69379
5.42978
2.28054
2.71306
1.71394
4.64069
2.22085
4.27179
4.88614
1.86209
2.59566
3.6156
4.49363
9.35008
2.71315
4.229
4.31291
2.49432
3.82587
4.1989
23.6745
7.90059
2.85534
0.695234
1.12897
1.66389
0.547334
1.94103
2.94583
19.0393
2.80828
1.13148
0.656323
0.374553
2.13609
1.89813
1.19483
0.739744
0.894155
3.44602
0.627156
2.87429
1.32106
4.73854
5.3769
1.74959
0.551863
0.423205
3.44174
6.49644
4.59554
0.410535
0.767726
1.59376
0.383801
0.979086
0.837082
0.383513
2.30994
0.831772
1.7298
0.785427
3.36436
2.6123
1.09001
4.88427
3.12945
1.4298
4.38856
2.8484
6.22914
3.86188
1.36954
3.84175
1.60684
2.55445
2.72581
1.66633
0.939919
0.708459
0.256252
0.927645
1.75218
2.5656
0.453915
2.01724
4.3499
0.364487
0.600349
0.356
4.11219
24.3303
1.24212
12.2201
15.2135
35.9436
24.2417
23.8927
29.4796
26.0977
29.0734
33.836
23.1247
16.8034
15.3938
22.2485
35.8286
23.4908
11.5208
19.8762
34.9572
17.4226
11.4132
9.99975
0.664174
1.70417
2.03081
0.922224
3.30248
5.38231
1.67709
2.31681
0.842714
2.42435
19.7996
20.3112
1.5303
13.4266
25.7037
4.76304
2.16835
5.1349
4.98915
1.09987
1.48388
6.68496
1.42538
2.80115
3.26216
2.56962
6.17597
10.8512
19.3457
7.77277
2.41061
3.25924
4.43159
3.36484
2.87468
1.47682
7.15091
4.87166
5.44147
3.23776
2.59079
3.66528
1.7164
5.82519
14.262
5.84533
4.50355
2.97482
2.9414
2.14937
3.14766
3.44475
3.55363
3.9365
4.70546
3.05759
5.13045
3.67245
2.20388
3.11108
5.81093
6.16186
4.82522
6.85256
3.34548
4.67547
2.50833
28.7723
4.37233
6.05082
0.573132
0.438747
1.54183
0.464523
2.82388
2.44645
15.0627
2.36754
0.957053
0.956844
0.944726
3.52904
1.15934
0.584994
0.814323
0.541456
3.31076
0.537951
3.80393
0.432451
1.65342
3.93226
2.80656
0.357269
0.375634
3.81517
5.75951
4.50278
1.2454
0.495268
1.56216
0.446093
0.502799
1.10558
0.263558
0.74301
1.01677
2.51648
1.17731
1.45947
2.69236
0.967219
2.98118
4.04783
4.97726
4.39887
6.49049
2.97358
1.35871
2.74885
2.09252
3.00181
1.17589
2.33289
1.57619
2.74508
1.74241
0.40074
0.836138
1.00955
3.29983
1.56197
2.00549
4.13799
0.466559
0.292233
0.663639
2.39817
26.1113
1.44421
17.8617
17.7451
38.0722
29.8456
35.1649
24.5481
36.9513
12.594
36.7082
27.7728
27.6752
33.3973
14.0583
15.8375
22.1496
4.91446
33.5385
25.6205
34.347
28.3622
29.0955
2.28875
1.19441
2.91704
1.62134
3.30251
3.51874
1.41318
1.23811
1.10845
2.90722
7.95118
19.1405
1.85345
17.0027
23.8983
1.45413
4.20647
5.15328
5.76952
1.08495
1.91589
8.85003
3.60943
1.92231
3.68886
1.63909
5.09662
3.48974
19.1452
10.232
2.25624
3.93159
4.67018
1.30651
2.83344
2.80346
3.59753
4.7039
3.53153
7.04749
4.59182
3.82821
2.35674
3.57139
29.7053
4.09978
3.106
1.04903
4.72276
3.95943
3.40834
2.07573
2.81897
3.49635
2.23809
4.91185
4.80014
4.62472
5.41544
3.16718
10.6735
4.97856
2.95823
2.33319
2.88836
6.24742
2.02181
15.8047
11.6282
3.00116
0.768768
0.94123
0.548732
1.04221
1.04666
1.1513
11.2401
1.4104
0.996658
0.664206
1.0403
2.02619
1.28877
0.815217
1.82323
0.917568
4.75069
1.96446
4.39191
1.0151
5.11268
2.63825
2.04924
1.10151
0.815136
1.65081
4.81072
6.7989
0.739646
0.941294
0.843916
0.754518
0.700669
2.63349
0.565533
0.717631
0.430813
2.55665
1.1545
3.00217
2.10477
1.10841
1.95264
1.66463
3.2345
4.55528
6.90187
4.62425
1.03403
3.00526
1.46158
2.24034
2.70944
3.09751
2.47787
2.03636
1.55329
0.87813
2.27535
2.55358
3.30197
1.16408
3.06875
1.73048
0.620212
0.353497
0.553582
4.95582
25.459
2.02375
10.3107
36.2826
27.2519
28.0356
20.4131
37.392
13.3284
15.9016
19.7206
14.0903
11.9408
18.0196
26.1778
13.6177
37.1833
5.93973
25.1254
13.9119
24.8409
13.9087
33.9658
1.10662
1.98
2.07526
0.830427
1.38439
5.51207
1.81993
3.32137
2.13021
3.48451
19.0116
15.9629
2.85796
5.28911
13.9101
5.14894
4.90361
3.90191
4.38191
0.906014
1.42626
3.13117
3.97763
2.98879
3.72291
3.04557
4.24955
10.145
15.4917
21.3579
0.917579
1.34369
4.34839
1.62477
2.08619
1.8224
2.99959
9.01091
7.66326
5.74723
5.64777
5.25715
3.88379
6.75528
25.5738
5.15172
2.94329
3.0138
6.01995
3.08503
4.08877
2.72242
2.99406
4.93343
2.98402
4.12161
5.20724
3.30455
5.44299
5.0754
10.6355
1.90062
2.29067
5.05432
1.04899
2.37648
2.74085
15.9215
8.0863
3.71164
0.92116
1.23878
0.960749
0.517614
2.42765
1.15752
8.27992
2.47549
0.764173
1.04022
0.986617
1.18452
2.4548
1.24863
0.709042
0.640654
1.50134
0.580944
2.54847
0.853507
5.71381
4.35674
2.51371
0.384092
0.665968
3.53185
2.00124
6.84293
0.781718
0.987987
1.95763
0.375862
0.776219
1.1406
0.528507
1.0562
1.06017
0.843088
0.394804
1.05552
3.22683
0.953813
4.13081
1.65666
1.80289
4.46002
6.94648
2.91794
3.1803
1.73275
2.86223
0.96796
2.89491
2.11787
2.87075
1.43302
1.77044
0.875881
0.677454
1.66359
5.05677
1.51227
3.98076
5.12986
1.02074
0.262769
0.595639
2.97783
13.2344
1.34907
28.3946
25.0482
10.5504
18.446
17.2697
18.1441
14.8794
29.0115
21.6735
9.83714
26.7094
30.5456
19.0806
25.6193
11.5316
8.841
31.9437
35.9256
13.9956
18.2491
34.695
1.91592
3.6764
0.984931
1.86048
3.62329
2.59609
1.46245
3.55577
2.04382
1.26969
18.4615
18.5936
2.36726
8.2212
11.6498
3.55759
4.88581
1.5267
4.09019
0.896767
1.48262
9.35349
2.05923
3.93984
1.26089
3.6865
3.96455
7.56649
7.29674
9.88993
2.24458
2.42553
3.7083
1.44111
4.009
2.62743
4.28279
9.16178
6.54612
6.86304
7.4832
6.41554
4.70869
5.20248
22.1103
4.19468
2.13305
1.25238
2.97847
2.28766
1.52636
4.55438
2.77588
1.77552
2.09324
3.87709
6.02447
2.94206
4.51913
1.6255
4.89819
2.7216
5.40749
4.68582
2.23684
2.58455
5.56438
24.527
12.2118
3.28158
0.856086
0.427101
1.59891
0.555132
2.75264
3.25895
8.43141
2.49912
0.884345
0.432973
0.917546
3.55195
1.98117
1.16316
1.61327
0.756962
3.44741
1.55362
4.94493
0.600589
2.28631
2.81834
1.67509
0.595362
0.496252
2.18547
7.88945
3.42616
0.886743
0.516968
2.71512
0.963571
0.912778
1.50634
0.654208
1.43974
0.604816
1.53909
0.851724
2.6126
2.54252
0.525843
1.46401
1.59696
2.98746
3.99153
6.37777
2.83697
2.39292
1.40793
3.21833
1.04026
1.9029
1.00687
3.0152
2.60959
1.7045
0.59818
1.49464
3.24798
4.61157
1.58737
2.03425
4.04558
0.595114
0.454539
0.343325
2.98202
7.32283
1.57871
27.287
32.3126
20.4063
32.1232
20.4236
11.0677
22.5546
21.3424
12.9219
21.6821
22.5701
21.9235
29.9712
16.9153
30.1891
8.11807
22.3551
13.9113
33.4583
37.5117
21.1789
1.60327
1.22446
3.01546
1.83398
2.82388
6.13754
2.2584
1.92247
1.76182
3.11248
9.00499
20.0022
2.98243
13.0592
20.1534
1.43712
4.69596
4.55673
4.80831
1.03029
1.8321
4.8925
1.54892
3.35455
3.53058
1.07353
4.00387
6.9989
6.45094
10.3063
1.68311
3.21083
3.42979
2.28927
2.64966
1.81005
4.59733
11.514
4.52428
2.24245
1.98215
6.87608
6.27211
4.5171
15.3243
5.66737
3.73909
3.94099
2.31004
4.30209
4.60423
3.85745
4.60037
3.24655
4.11733
3.62611
4.59866
5.12777
2.22083
4.21602
4.28115
5.96401
1.83814
7.07355
1.19836
5.26398
2.04411
7.91246
4.64747
6.84365
0.974216
0.5347
1.74047
0.820718
2.08115
1.26746
20.2819
2.40265
0.671178
0.449848
0.905576
2.01393
0.784588
0.926288
0.62307
1.20336
2.12019
1.98076
5.10638
1.22115
6.02322
4.01356
4.96858
0.958006
0.506241
2.05602
7.02318
5.60313
0.751269
0.968985
2.29711
0.409607
0.366358
1.98222
0.369817
2.74072
1.15514
1.73012
0.814947
0.961383
4.26924
0.483727
4.13022
2.16498
1.67915
1.71965
7.60583
4.97763
1.18911
1.75025
3.30986
2.46305
0.971014
1.34534
1.56077
0.969781
2.22607
0.780494
1.69306
2.28149
4.68681
1.42895
4.34496
3.11471
0.318442
0.238122
0.589401
3.76852
12.1384
1.30385
29.3978
15.7885
29.409
19.5268
25.8359
30.2281
25.7775
35.1705
13.9683
25.4249
30.1475
36.4487
20.0169
31.1636
15.0196
11.4775
22.4092
11.2536
32.0938
22.5873
27.3648
0.719912
3.25218
1.11506
1.38151
1.12169
1.88255
0.771036
3.8445
0.941737
3.34908
9.73857
24.5992
2.07376
9.67472
7.52543
2.27638
2.47759
1.84119
4.56061
1.79835
1.06159
6.84149
1.95648
1.20995
2.07313
1.70608
2.77881
5.51198
6.04593
9.53109
0.686215
1.58234
2.72094
1.59205
2.60085
3.06942
3.05988
6.01196
2.5129
4.69782
5.01027
2.59851
4.10705
3.25879
31.0748
2.42534
2.06005
3.84818
2.41452
2.22304
4.76357
3.70614
4.72163
3.49811
2.94184
4.4298
5.75554
4.56821
2.08817
5.44229
9.43093
3.112
3.92862
5.83098
1.22661
4.98301
2.40176
11.9564
7.63267
4.06452
0.551922
1.18708
1.32516
1.20085
1.61407
2.6999
19.0701
1.85423
1.51147
0.563708
0.808269
1.11187
1.45722
0.469077
1.64226
0.507189
1.8798
1.20438
2.86101
0.42503
5.26154
4.9424
4.54185
0.705669
0.47518
1.18727
4.28058
5.81967
1.18281
0.477787
1.57407
1.34268
0.742315
2.51342
0.440415
0.757309
0.67207
1.03072
0.646125
1.98914
2.43236
1.19174
2.34556
1.47809
2.60919
2.76276
6.71664
3.94223
3.75368
1.90241
2.14172
3.4884
2.9787
1.88637
0.809859
0.881525
1.31899
0.870624
1.07236
1.59455
2.3289
1.3997
4.06148
2.63532
0.387118
0.755478
0.712929
4.16789
15.0254
1.09232
17.3294
26.7697
12.4317
36.4879
18.5374
26.4404
18.2069
27.5823
22.1733
19.6419
21.2969
34.7683
18.5222
14.0124
17.1499
4.59546
22.796
13.4473
35.8016
37.4549
32.8917
2.4373
1.61096
2.48368
1.72023
2.81145
5.49041
1.96417
2.07755
0.701539
3.36505
10.1855
28.6122
0.853266
16.6004
20.8813
1.4064
