2.44978
2.02977
1.26962
2.35517
1.91701
5.8455
5.72493
2.40397
5.10362
2.51153
2.42012
2.40951
1.24188
3.40527
2.19198
2.75447
2.35063
2.19061
1.04955
8.26343
1.33475
1.28194
4.70914
2.87562
0.98956
1.44586
3.04135
3.81484
1.05644
1.84492
4.1567
3.08991
6.68511
7.23908
5.74574
2.44784
2.52827
3.3791
5.18723
4.01795
3.86656
1.91405
4.99478
3.43724
1.08897
11.814
2.65088
9.96844
5.43929
0.815193
1.33019
1.24277
1.56216
1.3484
1.12813
2.36605
1.51537
4.08894
2.92838
3.30248
3.55689
1.14693
4.34729
0.942618
1.36998
0.789553
0.749097
0.976059
0.759852
3.57975
3.28762
3.82467
3.66861
3.391
1.57814
2.88801
1.58699
1.88646
2.15209
2.86467
5.77267
0.717718
0.670925
1.6048
3.26339
2.31409
1.95775
1.62807
3.30648
1.64388
2.7483
3.20669
1.5189
1.72898
3.52643
1.27701
1.11379
2.34506
3.67258
1.3355
3.77228
1.03873
1.03569
10.4512
11.8954
1.32159
14.724
11.3095
2.2548
5.033
5.11528
3.35807
1.48778
1.73502
10.6479
1.9955
3.39196
2.44313
2.08264
2.04281
7.09539
7.5015
14.3579
1.19141
4.65085
1.65158
2.00826
3.06018
3.14725
2.15342
6.377
5.57894
4.48012
6.29784
2.09115
3.20996
3.8605
18.341
5.40335
2.81113
3.2315
2.91996
2.92448
1.26382
3.21779
1.90147
5.2737
2.49573
1.64092
2.68472
2.38549
2.36708
3.86813
11.5253
2.04438
4.76739
3.5428
1.85836
5.63251
2.12565
15.312
7.42462
3.4136
0.833162
1.19302
0.584207
1.26988
1.84744
2.38253
20.018
1.55375
1.06534
0.905255
0.972472
3.30829
0.896963
0.804634
1.92825
1.27436
4.48491
1.32266
3.08099
0.602407
2.02551
4.62514
2.95899
1.20151
0.392062
1.9778
7.49048
3.5141
0.78678
0.32063
2.4445
1.10472
0.831001
1.96284
0.469634
1.63404
0.785363
1.42689
1.28202
3.10385
3.51963
0.472815
4.60238
2.26439
2.16205
4.23613
7.77239
4.79485
2.95631
2.50704
1.69243
3.41599
2.96168
1.99226
1.68368
1.55484
2.54002
0.593933
0.978064
0.925067
3.66545
1.11907
3.85846
3.35328
0.756442
0.720176
0.501269
4.84123
17.6656
1.55082
25.7509
23.3496
17.3384
34.7541
26.2001
21.8225
26.1394
28.6147
29.2353
12.4149
14.0399
32.0878
37.5317
24.3198
25.0537
11.1569
29.0596
28.5277
21.0952
14.2445
20.3728
1.69196
2.77233
2.44275
0.917704
2.08096
5.93613
1.01493
2.78581
1.07102
3.2044
11.7133
25.7219
0.885363
14.3377
23.8312
1.86828
4.47344
2.11404
4.69393
1.82673
1.406
4.75336
3.41937
2.63345
1.3512
3.01457
5.1552
7.06856
17.2024
10.8701
2.19855
2.05092
3.84951
2.31641
1.57707
1.49135
7.00709
6.91143
7.431
7.06154
5.77342
3.83946
3.76336
2.22008
32.5819
3.03186
2.32819
1.68626
3.65054
4.25884
2.16986
4.60409
3.69763
1.93943
4.12903
2.95115
2.33789
4.46596
2.99971
4.656
4.0975
1.79415
2.85756
5.84442
1.15024
2.39082
4.2326
13.4878
12.2705
3.15872
0.356741
1.27964
1.26011
0.845753
1.51964
3.75905
12.6742
1.6032
1.19113
1.05173
0.907749
3.33659
2.21678
0.865495
1.56075
1.29524
1.89309
0.80895
3.50694
0.580378
3.15884
4.13581
3.87828
0.549621
0.644836
3.77664
6.19033
5.21346
1.1834
0.666362
2.32277
0.644005
0.960395
0.98363
0.750371
2.4603
0.419994
1.62209
0.383198
1.28388
2.01871
1.06578
3.13794
3.39137
2.53324
3.91736
4.14675
3.76215
1.92148
1.02831
3.84688
1.34495
1.29097
2.85556
0.893257
2.53052
2.36971
0.731341
1.05915
1.78366
3.48169
1.41821
4.46664
4.96278
0.901173
0.918939
0.326659
2.42409
9.21584
0.991105
36.8993
11.2038
24.9502
31.54
9.66655
35.8533
31.0146
13.0751
21.3368
33.8387
26.9018
28.939
10.8644
14.8303
36.7704
9.44952
21.3354
11.8807
10.3084
19.346
22.0233
2.05733
2.49899
0.990263
0.831214
1.0322
2.77481
2.42557
2.65531
1.96623
1.38159
16.6868
19.6597
2.88136
11.5698
13.8559
4.14639
1.59168
4.91404
6.0423
1.5039
1.72381
5.27561
1.20282
3.92452
3.7395
2.6349
3.78518
7.84272
8.7054
12.969
1.37309
3.76413
3.79502
1.63089
2.19653
2.10948
6.94376
4.8896
3.44974
6.13484
3.80959
4.63441
4.30319
5.97261
37.2525
3.02284
1.32122
1.45969
2.91395
2.46565
1.60296
3.33411
2.92547
2.26138
1.52795
3.01327
1.79297
5.23936
3.95913
2.83357
8.89183
6.34012
2.45113
2.7417
1.35985
3.2932
4.54518
28.2533
5.38906
2.96992
1.03113
0.514681
1.19363
0.560041
1.41805
2.61775
7.40726
3.06635
0.640085
0.96399
1.09623
1.74956
2.38402
0.658753
1.59402
0.724168
1.74762
1.34971
4.08417
1.24468
6.37082
1.91943
4.29565
0.332518
0.721221
3.66602
4.58177
3.48672
0.830836
0.615764
2.46912
1.01515
0.594089
2.36844
0.596354
1.89859
1.18155
3.10622
0.849542
1.29377
3.5184
0.56355
1.85877
3.7911
2.9254
1.38267
6.61889
1.70779
2.59545
3.00545
2.30306
1.25509
2.52655
1.03722
1.09995
1.3566
1.80968
0.705982
2.363
1.41077
2.25484
0.67999
1.39524
2.36575
0.784548
0.45749
0.376812
2.8612
9.76038
0.727061
20.325
13.986
37.2845
29.6376
11.7571
31.5369
24.7539
33.2129
34.6778
14.5921
21.9751
21.2135
31.0168
26.9775
19.4206
8.80535
19.1193
16.5753
34.7155
17.649
9.75821
1.91383
2.58348
1.92073
2.16644
2.21643
1.89255
1.08301
1.85122
0.834933
3.16585
10.007
9.03757
2.71329
12.1848
18.6132
1.8315
3.30665
1.72099
3.53071
1.09981
1.92608
7.77794
1.36871
3.46008
1.84078
3.32199
6.32391
3.97698
9.74997
13.6573
2.13696
1.27339
2.05512
1.8453
3.02717
2.66144
2.30618
5.70817
2.17081
7.01815
7.0019
4.14799
2.72693
6.60709
23.8713
5.06666
1.82274
4.01037
5.87313
3.91465
3.49381
2.1273
4.62547
3.73055
2.53824
2.31788
6.02335
5.34322
5.52555
5.44875
5.12395
5.55888
6.63558
2.60598
2.76071
5.4623
5.13651
15.59
11.3394
6.9316
0.31816
1.29634
0.746332
0.990261
2.0119
3.23986
16.2972
1.6804
1.56609
0.902098
0.442099
2.63003
0.72512
0.694153
1.6495
0.56188
4.13504
0.769786
4.52848
0.954872
5.76643
3.37819
1.78883
0.760365
0.523838
3.11443
4.21247
7.84623
0.912241
0.457151
1.51945
0.433836
0.924226
1.74736
0.510396
2.00906
1.20518
1.24501
0.393554
3.14345
2.18854
0.640322
5.08893
4.03782
2.94311
1.47435
5.64296
4.78327
3.77734
2.73387
3.20806
3.03124
2.18196
2.30606
1.56718
1.2631
1.83572
0.363816
1.77799
0.959041
1.53531
0.710437
4.18079
4.62026
0.65731
0.565956
0.663213
4.94087
8.57963
1.87197
37.3911
15.8728
32.6982
13.7442
19.04
37.2488
29.6456
22.5619
28.3618
17.8922
29.7242
17.573
32.3888
21.1365
28.2848
7.61948
28.9494
11.1448
29.9321
27.5115
29.3974
0.875077
1.33003
0.957959
0.682922
1.64602
2.72025
1.34806
3.54965
0.809412
0.932746
7.09919
25.4994
1.64669
9.89578
23.2816
2.67115
1.68643
1.60993
4.29157
0.921585
1.17281
9.7372
3.46676
1.79767
3.07457
3.58652
2.57315
7.51555
15.9508
13.5756
2.24756
2.79423
3.83314
2.55567
2.13003
3.42423
7.13456
9.89769
3.07503
6.27308
2.73695
4.63489
2.03679
2.03527
22.0795
2.74385
3.99746
4.00922
4.98408
3.52312
2.09744
2.86959
2.58484
4.50166
2.40837
4.70508
2.72822
2.52181
6.12859
5.08812
4.42191
5.66976
2.88301
3.22246
1.78679
6.96061
2.67974
28.9322
11.0644
7.3045
0.424062
1.00621
0.977623
1.12999
2.96764
2.535
19.4473
1.00642
1.55894
0.935913
0.946797
3.99456
1.31538
0.428526
1.84618
0.747039
3.56744
0.750728
4.67283
1.01075
5.79345
3.22656
4.65605
0.883685
0.60545
3.09394
7.20533
7.4853
0.836865
0.390069
1.0665
0.953734
0.572745
2.35961
0.65376
2.36938
0.752376
1.76115
0.631608
2.87573
3.42234
1.12435
3.25859
4.30526
2.50122
4.19387
7.45948
3.15625
2.4599
1.97353
1.90475
2.50288
0.855674
2.80775
1.53798
2.73964
1.76935
0.230654
2.29101
1.04811
2.79391
0.536637
1.63254
2.55969
0.449844
0.861812
0.621597
1.54292
18.8249
0.574295
30.699
33.57
23.3022
29.199
18.6126
15.641
37.3525
18.2198
27.8888
12.2036
26.7073
20.0138
12.0427
16.2791
21.3999
6.23082
26.2028
27.5043
16.9749
20.485
37.9584
1.71314
2.46292
1.35142
1.55351
2.96028
2.89903
0.665012
2.00016
1.80411
3.12399
13.4567
9.10535
1.06215
10.2512
15.7882
5.29501
2.55742
4.28458
3.15892
2.3068
2.43929
10.4234
4.17959
1.08694
3.42439
2.9386
5.8114
9.02264
12.2404
20.6189
2.178
3.82839
3.38989
3.63211
3.83278
3.32769
5.14016
7.27086
4.84728
2.07341
6.58866
7.0437
3.24467
6.03757
11.6813
3.61842
2.21759
3.12987
3.89725
2.80247
4.19859
2.33616
1.31513
3.71665
1.65069
2.02187
3.14128
2.74311
3.74805
3.2467
11.5398
5.06751
5.69941
4.92973
2.5097
6.56685
2.4569
20.6414
10.8766
3.28778
0.740468
1.08728
0.608493
1.36735
2.00114
2.25313
18.5817
3.27754
0.651556
0.587968
0.765268
2.6206
2.10449
0.760269
1.13452
1.09331
4.24373
1.33394
3.05967
1.3432
5.54955
1.55885
4.06308
0.893769
0.437515
2.93757
6.65627
2.08339
0.99192
0.528532
1.93752
0.542016
0.985338
1.35679
0.753602
0.918216
0.433717
2.79792
0.801361
3.44979
4.35432
1.14127
1.84988
4.29457
3.0447
2.5522
7.74852
2.50564
3.57297
2.63644
1.98119
1.49747
1.749
3.06972
0.915921
1.03377
0.795704
0.660643
0.804755
3.02435
3.64989
1.17651
1.61914
3.55067
0.313127
0.590667
0.579529
1.58758
10.7479
0.810286
23.8394
27.5778
18.1047
10.2199
28.2471
20.5385
20.3708
24.9365
35.3421
34.7755
28.5028
32.5689
16.2086
20.2989
12.0062
11.4017
23.4666
33.4342
33.4362
30.2731
10.9234
1.84501
2.08107
0.992745
2.31312
1.0284
4.38234
1.6668
2.44817
0.79183
1.28893
18.7117
23.8447
2.76162
13.1879
18.9152
4.99272
5.46285
3.51465
4.38625
1.68444
1.66192
9.08182
1.77848
3.3298
2.5856
2.53065
6.25933
6.30885
19.8157
19.8297
1.43152
2.59166
2.08251
2.7058
3.36308
0.975215
4.02338
8.02126
5.99492
6.30063
6.96856
5.95482
2.90345
7.23262
23.9361
2.94824
2.52072
1.29087
4.38521
3.73117
4.1903
1.60344
1.61117
2.7384
2.94366
4.3911
2.07252
4.1982
6.96878
2.7816
9.46842
2.59748
4.34604
5.89887
2.66195
4.58705
2.06664
8.47021
8.08936
5.30197
0.907816
0.501322
0.690962
0.756168
1.35035
2.65358
7.46906
1.46255
1.52949
0.567407
0.67706
1.42413
1.97992
0.796907
1.4431
0.857068
3.8725
1.46047
5.09316
0.415391
1.72232
2.37555
3.8124
0.520349
0.966834
1.78918
4.12279
5.64368
0.515859
0.432454
2.61278
0.84874
0.411069
2.48666
0.484805
1.31651
0.439088
2.42181
0.913022
1.2241
4.48297
0.679666
3.51118
3.66857
4.82933
1.55113
3.61729
6.31196
3.29704
2.7139
1.26445
1.59545
1.44329
2.00775
1.11875
1.95662
1.92416
0.641544
1.2785
3.35078
5.47908
0.777792
3.4589
2.86279
1.0009
0.706147
0.547036
2.79895
21.5916
1.36896
35.8519
15.4022
27.1712
16.278
23.541
28.7084
33.0446
29.8876
10.0483
34.1668
14.2469
31.0883
19.796
10.1381
19.9528
9.9885
14.5433
22.4055
10.1655
29.9719
10.7498
1.27921
1.01126
2.52699
2.13543
0.934782
2.1736
1.15503
1.4091
1.44849
3.05675
19.3949
23.4833
2.6558
12.1398
11.4556
3.84419
4.64499
4.47044
2.05393
1.5777
1.4991
10.4866
3.37287
2.29202
2.33853
3.39136
6.00353
3.85995
13.0594
18.4966
1.13074
2.55167
1.27325
2.22541
1.69742
1.68557
2.13861
4.82825
4.65218
2.68378
7.1165
6.32355
5.52978
4.61724
21.2304
1.81223
2.13453
1.98711
6.19157
2.17167
1.44019
1.45861
3.69576
4.96065
2.97434
3.38054
5.27931
2.09766
3.01533
4.02873
4.82239
2.96866
5.33768
3.15077
3.64105
3.69817
5.0952
21.4332
9.62798
5.8654
0.741987
1.35949
0.958846
1.23685
1.44533
1.78599
18.3621
1.31059
1.49778
1.01204
0.89036
1.6676
1.07497
1.12613
1.20635
0.642921
3.48738
1.19217
4.2542
0.715885
3.30601
5.2363
4.93587
0.956769
1.10137
1.77879
2.02333
3.2698
0.434321
0.721256
1.45626
1.19373
0.967622
2.07152
0.420586
1.71312
1.03724
3.10696
1.05053
2.80571
1.60483
0.681226
3.3656
4.73261
3.88186
3.18847
4.84879
5.23721
2.17444
1.03632
2.77564
3.1089
2.54654
2.45203
1.29041
2.49452
1.47651
0.616666
2.32699
1.94108
1.53119
0.463677
3.34059
2.62358
0.402349
0.911533
0.56185
3.7808
24.2071
0.959237
30.971
20.0713
15.816
12.6312
20.3174
37.1754
10.9971
26.455
15.6206
28.5455
35.7113
29.7374
30.5794
24.843
23.1844
7.24445
12.0972
21.6457
34.8657
32.5636
36.1741
1.27591
1.98176
1.27564
0.686165
2.1076
2.87141
0.964332
2.28721
1.21664
3.05868
14.9733
14.4423
2.4244
15.3015
18.3952
4.08627
1.52272
2.80428
5.94221
2.35211
2.41235
4.30788
1.89181
2.13663
1.63791
3.33908
2.57429
9.52541
17.0911
18.6113
1.73578
4.60828
4.84567
3.57834
4.69918
2.36581
2.85079
3.90733
6.24778
2.86645
3.21363
1.98898
4.5907
4.73357
34.7145
4.33286
4.60233
1.07054
2.02287
4.17806
3.63537
2.34768
1.70511
1.99114
4.73187
4.64563
3.09145
3.36593
6.4789
5.34201
8.60434
4.33167
4.43035
2.77715
1.06553
7.05363
3.33809
20.5827
12.2297
2.73082
0.341194
0.648109
0.655602
0.717389
2.54225
1.91047
7.65666
3.32037
0.640616
0.354551
0.409951
3.96376
1.41945
0.349167
1.9093
1.09502
3.95886
0.60377
4.04215
1.45248
5.59043
1.93899
2.10885
0.330718
0.929029
3.38438
6.84595
2.65683
1.01479
0.636853
1.72257
0.864303
0.650363
1.07166
0.279044
1.80833
0.810995
0.944905
0.415169
2.47216
1.18024
0.516358
3.9327
3.33685
1.47803
1.15824
4.49983
5.67617
3.30702
2.90409
3.57187
2.34917
2.16033
2.98777
2.353
1.06888
1.43925
0.628659
1.18825
2.96188
4.26373
0.545048
2.63217
1.84906
0.827503
0.747522
0.259306
2.97261
8.23725
1.11582
22.9579
21.2292
36.3431
34.7697
23.2728
10.9087
11.359
30.7176
21.2618
25.4868
23.5939
16.2593
18.8741
21.1002
11.3952
6.26742
37.1256
17.3053
13.5793
29.7574
32.3224
1.43981
2.85884
2.17404
2.14234
1.13639
3.25566
0.904952
3.61501
1.52129
3.3185
21.1903
23.5456
3.06967
16.6848
16.9845
4.27947
4.83577
4.40038
1.94358
1.30406
1.46097
4.77577
3.59594
2.99954
3.58798
1.0169
4.11763
6.2052
11.6717
9.04599
2.18499
2.59981
3.49178
2.97141
3.64582
1.17123
3.67538
7.38222
7.2798
7.05623
2.8143
5.76247
3.93733
7.30532
28.0526
1.9407
3.10501
3.25933
5.57149
2.25403
3.16342
1.57738
2.33042
5.00292
4.61873
4.47891
2.16059
2.10423
3.63948
4.43922
8.09069
2.47032
5.44048
3.54219
3.53784
6.55805
3.82941
23.9274
9.57902
3.15508
0.900228
0.831774
0.780569
0.836055
1.01011
2.4546
12.6485
2.36142
1.43563
0.80068
0.637546
4.10205
1.43375
0.711273
1.88792
1.20299
3.01051
1.40427
4.0593
1.11916
4.58549
5.89247
1.5656
0.564924
1.17675
3.6336
2.51344
6.51268
1.09844
0.843587
1.16256
0.706331
0.485553
0.845894
0.828709
1.44545
0.573602
3.25418
0.661137
2.53742
1.78253
0.917623
3.22009
4.76478
2.95786
1.93033
5.88339
3.31037
1.38772
2.34114
1.7577
3.1948
2.91261
3.1819
2.67204
0.888286
2.35091
0.677054
1.65885
3.30297
1.65529
0.864111
1.76384
3.00526
0.760355
0.347388
0.495279
2.87593
26.6486
1.28656
27.0392
22.6149
25.9369
22.8491
16.4889
18.1993
34.2316
9.67418
16.3692
22.1365
16.8113
34.9184
29.2123
25.9491
22.0924
5.658
21.5865
33.5553
30.086
24.3885
11.0018
2.28921
1.61525
1.30592
1.87431
1.10392
3.44618
1.55001
3.44575
2.38316
1.81874
17.0804
8.95339
1.95565
16.6762
14.6374
2.00912
3.0028
3.56409
4.10702
1.89864
2.27405
5.34077
4.19259
1.42481
1.82032
3.74926
6.07166
3.66295
17.2384
5.48524
0.72474
3.48585
4.62456
3.64568
2.06687
0.977565
5.75338
10.0758
4.49176
7.07162
7.82293
3.17678
3.41619
2.57809
21.7105
4.37843
1.93622
2.5706
2.43603
3.58713
4.06157
2.99947
3.28682
4.2289
3.30817
3.19994
5.33838
3.6307
5.42404
4.01782
5.23179
6.59512
5.66918
7.18962
1.02849
6.00203
5.17381
23.7673
12.6118
4.93024
1.13716
1.37725
1.16203
0.853685
1.5948
1.59591
17.857
2.75479
0.589795
0.954527
0.460818
2.91306
2.00214
0.635918
0.988783
1.2067
1.80443
1.97769
2.6805
1.11405
2.16693
5.49193
3.51088
0.96154
0.921156
3.4069
6.07685
2.92729
0.897778
0.995581
2.79151
0.888573
0.923389
2.23152
0.493981
1.70446
0.465557
2.15776
1.02794
2.90011
1.91376
1.0493
3.82454
3.18604
2.07884
1.41258
5.79831
2.68915
3.70323
1.48287
1.56738
2.00724
1.76823
2.54382
2.97387
1.95728
2.04848
0.453781
1.13751
2.67171
3.2422
0.552998
3.73917
3.31802
0.922111
0.63
0.398546
4.23645
9.37294
0.622999
18.3384
38.3972
37.791
24.2779
21.2785
24.6613
17.3389
13.6437
10.9759
14.3349
15.5251
21.5984
24.2374
30.917
27.0177
3.97993
31.6562
33.1271
32.9585
13.1145
26.8009
2.00066
3.50488
3.29989
1.6325
2.01773
4.50105
0.906827
3.42333
1.49202
1.05743
14.7806
12.9537
3.12356
13.35
14.027
1.58358
2.2915
5.36832
6.23595
1.57724
0.660859
3.79245
3.11595
3.45765
2.16637
1.63606
3.67806
3.9918
9.6848
20.7322
2.19791
3.1019
3.9903
3.29913
2.84532
1.53387
2.84838
4.19679
3.84384
6.60827
7.12178
7.32954
1.73153
6.52404
22.8208
1.72948
3.20694
1.97407
4.72213
3.68391
4.62009
1.93951
3.21595
3.71924
1.55314
3.79145
5.1513
3.44712
6.15257
6.11584
10.1825
4.36153
2.92992
5.74774
2.73084
2.89879
5.48458
27.632
8.63162
6.08722
0.882472
1.02688
1.21235
0.4366
1.84107
1.90922
12.4843
2.1615
1.37683
0.735506
0.485536
1.18583
2.12242
1.00965
1.45188
0.961617
1.85001
0.839859
2.03462
0.424899
2.50974
5.50394
4.5325
0.751432
0.628407
1.87649
3.36668
5.43296
0.865002
0.411512
1.95627
0.535064
0.33758
0.842152
0.509682
1.3916
0.442232
1.13851
1.13602
1.39813
4.00085
0.342417
5.38358
4.29604
3.61965
3.11946
2.2475
3.34817
1.48029
0.859137
1.39295
1.82155
2.29814
2.77342
2.11528
2.61661
0.806582
0.453052
1.85735
1.01682
4.84255
0.585519
4.31645
4.77185
0.739578
0.692522
0.329527
3.61804
18.3283
0.819747
22.3916
14.3027
32.5791
34.7981
32.1027
33.0896
9.88997
26.1587
27.5074
26.2213
30.375
17.399
30.0347
14.6382
11.2679
4.94568
29.0258
19.3421
29.8484
30.1698
29.1675
1.96362
2.18709
1.26099
1.31724
1.07261
1.80448
2.28746
3.15182
2.30652
3.33938
11.3152
20.373
0.848325
9.11152
18.9515
4.35012
4.28097
4.25214
5.48466
0.821265
1.17365
4.23889
2.83341
1.27994
3.73289
2.51181
3.51018
10.5504
14.9712
16.9172
1.52097
3.67926
3.68711
2.10913
4.55324
2.37364
5.39679
4.35172
7.53305
6.53794
3.21457
6.73215
4.80496
6.31416
17.9901
4.18146
1.93319
1.12752
5.45435
4.28808
2.16964
4.63939
3.29616
3.0869
2.42701
3.19625
1.73852
1.70412
1.94932
4.27846
9.15995
3.09484
2.69718
1.95736
1.91593
4.54686
2.97636
23.3677
8.75245
4.20049
1.24035
0.969859
1.8792
0.969882
1.71447
2.82198
14.9418
3.27289
0.504517
1.12349
0.375378
3.98351
1.98171
0.925183
1.59571
0.53045
2.21474
0.700418
1.73597
0.972999
5.73444
4.13092
3.01097
0.781143
0.487565
3.65789
5.72559
3.14966
1.08675
0.301944
0.963977
0.421337
0.626199
0.936975
0.729842
1.4051
0.387169
2.39304
0.846119
1.88963
1.77014
0.475665
2.96305
2.54817
1.34709
2.62663
4.99716
5.25936
1.67095
1.94817
1.1142
2.14307
1.45611
3.00538
1.6847
1.18777
2.44076
0.419387
1.6035
2.20962
3.90706
1.12091
3.8719
4.77553
0.78111
0.40098
0.41319
4.87945
11.967
1.64558
22.9604
31.0895
26.0373
10.4545
34.4652
15.1252
10.8361
17.6516
32.0373
19.843
16.3972
9.63199
29.9426
29.0349
24.8431
5.28409
22.7908
17.6712
12.0975
25.9712
22.0383
2.3702
3.2194
3.35532
1.55445
2.97546
2.74587
0.706471
3.08368
1.55585
1.16855
14.5876
19.8926
2.96004
14.9394
23.9406
2.24617
3.36152
3.44069
5.41928
1.11739
2.22854
9.90852
3.88061
2.53449
2.87966
1.47883
5.91576
8.38126
13.9454
14.227
2.33262
2.68642
3.34172
3.6019
3.22513
2.22157
3.72724
4.4891
3.47056
5.89556
3.57492
7.19154
2.45365
2.61579
29.4242
5.57408
3.64626
1.68297
5.59947
1.64867
2.36231
3.32709
2.98688
2.88526
1.57103
2.52202
5.00718
3.1892
5.58321
3.37327
4.94211
4.35245
4.87063
3.93704
3.33313
2.288
4.27961
9.16487
3.44641
5.10304
0.937275
0.425256
1.24759
0.953319
1.84125
1.17911
8.59998
2.88508
0.869528
1.06763
0.546668
2.94681
1.79738
0.811991
1.78874
1.08056
4.43415
0.702835
3.70889
0.680775
4.47535
3.39299
1.59513
0.474058
1.21043
2.02148
3.30181
6.18624
1.18218
0.555443
2.20565
0.534554
0.805443
1.56435
0.844848
2.59927
0.799786
3.07735
0.359176
3.05736
3.59091
0.341974
3.3371
1.54684
1.96665
1.93017
7.26862
5.61214
1.03398
2.34432
1.65579
2.89162
0.975793
3.13375
2.56693
2.52162
2.35906
0.272121
0.956634
1.48343
3.54918
1.31045
3.5722
4.41649
0.760441
0.587825
0.591347
3.21477
19.8308
1.70885
16.7002
32.3994
31.1382
29.847
32.9821
35.0484
17.0834
29.224
10.4995
13.0052
15.2955
31.6542
11.3132
21.9853
25.7771
8.25992
16.8562
9.93002
16.1868
19.7397
15.4422
1.80653
2.29638
1.43492
2.17309
1.30514
4.54017
1.89262
1.16585
1.96563
3.3765
15.9088
8.30336
1.44263
13.5651
23.2947
2.65119
2.38948
2.28802
1.59548
1.1202
0.793443
5.30614
2.37269
2.06561
0.95312
2.8166
3.64314
8.07511
21.4064
19.3486
2.06546
2.58915
1.75584
2.12677
2.97381
2.5795
8.27103
9.6964
3.59983
2.84989
5.05295
6.07358
4.86795
6.90993
19.1866
5.93842
1.39094
1.71033
5.69129
4.39016
2.45879
3.73611
3.17388
4.53364
2.01749
1.35467
2.05093
5.4753
5.37676
4.28802
11.4786
2.18353
3.46965
7.2379
1.47682
4.52672
1.63761
21.724
4.14843
2.33678
0.545139
0.828892
1.69397
1.05416
2.58357
1.64801
12.9445
0.915449
1.2913
0.453733
0.598476
1.747
1.26759
0.342738
0.491769
0.460154
2.68791
1.0188
4.73098
0.409483
5.75286
4.82745
3.29845
0.483392
0.516899
1.87311
3.10719
2.72454
0.863818
0.460349
2.40066
1.12242
0.826471
0.7257
0.313742
2.52735
1.3264
2.55865
0.395575
2.48526
4.25985
0.666064
3.70277
3.95513
1.5748
3.96505
2.5931
3.91475
1.16577
1.0435
1.61851
3.01888
2.11496
1.94832
0.996132
1.7638
1.72627
0.27653
1.22756
2.02421
2.11527
0.50216
1.74687
1.48437
0.973898
0.37957
0.689376
2.57887
13.5006
0.830345
28.692
32.9566
13.0917
15.4904
10.2669
37.8343
16.3009
9.71716
17.5576
19.6452
27.0683
18.4093
37.2947
28.8038
18.8014
4.10412
10.7226
10.9871
13.0726
35.3862
16.453
2.02464
0.970951
1.44076
2.10108
2.50703
2.91671
1.41233
2.95743
1.75675
1.35643
10.0568
15.8634
3.0161
14.3674
10.8481
2.47243
1.40607
2.34759
4.47534
1.69234
1.62071
6.20866
1.77562
3.84908
1.1885
2.52145
1.88717
3.22079
17.4336
8.2775
2.22214
4.22032
2.82058
2.06373
1.34117
2.75181
3.19317
7.05187
5.95785
1.98985
7.16259
4.12051
2.83057
5.95592
23.0101
5.90004
3.00143
3.87656
2.35039
4.68145
3.6479
2.77556
1.33646
2.07992
1.99389
3.14507
3.07893
6.04522
6.20854
2.65802
9.98818
2.88103
1.96464
1.86597
1.04657
3.17441
2.37181
16.519
6.20247
6.86114
0.629746
1.47239
1.14677
1.0255
0.857676
3.76109
18.136
1.27021
0.57934
0.71389
0.437344
1.88715
1.61171
0.334242
1.26513
1.14375
3.19255
1.55182
3.35388
0.759944
5.86446
5.76872
5.00897
0.727804
0.69821
2.36573
4.76563
6.67452
1.14309
0.279997
1.64617
0.506994
0.774056
2.2108
0.317566
1.00636
0.76404
3.03522
0.635706
1.42184
3.39724
0.761955
1.73245
3.54122
4.48577
1.95536
2.52257
3.93525
3.26693
1.92012
3.08001
3.46846
0.982355
2.21235
3.02087
1.31336
1.31057
0.244022
0.820456
1.1184
2.99968
0.949315
4.36786
3.86203
0.625281
0.264607
0.328966
2.76472
11.281
1.76338
26.7356
14.3816
9.69123
32.6759
34.4371
12.4797
27.0199
18.5594
29.204
20.7787
35.2329
17.047
12.4622
31.5789
37.038
8.7426
30.4116
32.9798
13.7108
19.2865
28.1646
1.25334
2.42728
1.87705
1.79329
3.36651
2.04892
1.48515
2.42018
1.77909
1.31428
10.9106
12.3832
3.09695
8.07866
12.5602
2.37556
2.5147
4.20595
3.50015
1.59048
1.65018
8.15842
2.13971
3.91215
1.54523
2.15989
4.31307
3.43088
5.88133
10.3693
2.26914
4.26103
3.24318
3.70234
2.0702
2.11276
4.97665
11.7497
8.02803
5.85076
5.89181
4.58516
4.42328
7.40676
19.9116
4.75582
3.86982
1.11109
3.98464
1.92064
1.35648
1.63492
1.26325
4.67567
1.53421
4.51269
5.41411
2.22305
7.21961
3.7834
5.68109
6.68603
5.39465
5.93222
0.961859
4.09757
1.87652
17.2238
8.96664
5.07046
1.00134
1.04656
0.566927
0.579019
2.74902
2.13173
10.5602
1.21846
1.12354
0.504371
0.725644
3.98948
2.353
0.77282
0.634604
1.10115
3.43248
0.935147
4.41621
1.04972
5.6624
2.35132
4.32363
0.857762
0.960366
1.24219
3.35976
3.67521
1.42111
0.588071
2.7935
0.878128
0.822345
1.21544
0.65218
2.53992
0.549482
1.4898
0.469903
3.40029
3.50582
0.385275
4.20856
3.3698
3.41815
3.57011
6.65293
2.82914
0.983483
0.791616
1.00164
3.52853
2.22771
1.39082
2.22142
2.76185
1.4763
0.447174
2.29578
1.6005
3.40436
0.660791
2.4704
3.07466
0.79773
0.43735
0.689101
2.62797
25.5434
0.701857
23.5491
22.63
24.8722
17.4175
27.6548
30.5185
34.5553
20.588
12.5009
26.0297
14.6146
34.7259
9.64302
13.1013
14.3924
10.6
33.3232
24.8089
18.3848
22.7223
33.7715
1.60551
2.11825
2.55207
1.6931
2.89992
6.26163
1.73656
1.06079
1.3303
2.1761
12.9628
8.74102
2.13708
5.7725
12.1052
1.87359
1.49066
1.65395
4.59214
1.68456
1.03203
11.034
3.14389
3.8916
3.06814
1.06365
5.22536
11.7308
17.073
7.11991
1.00495
1.51361
3.5751
1.87607
2.39541
1.25219
5.30635
11.7677
3.49562
2.87132
3.18835
2.08869
3.528
2.4228
33.0499
4.41996
4.67233
1.69727
5.39322
4.56794
2.92079
4.59666
1.38398
3.76908
2.68898
4.3668
2.10464
4.34998
5.94533
3.82574
5.23778
3.19791
6.18644
5.45564
2.58925
7.47012
2.0419
20.8329
5.53811
2.09018
0.941618
0.771751
1.81459
0.834323
1.09815
3.1459
20.1966
2.15055
0.993097
0.673424
1.18729
1.24447
2.3656
0.421331
1.09052
0.664714
1.86761
0.965063
1.74395
1.37294
2.40063
4.1593
1.63024
0.558505
0.821715
3.19214
3.04781
6.10266
1.28228
0.422693
2.51271
1.06669
0.695437
2.7574
0.26834
2.52802
0.670263
1.39132
0.515979
3.3754
3.86295
0.683097
3.04627
4.09718
1.89955
2.39459
3.18512
3.76432
1.11314
1.4639
1.9153
1.03477
2.42154
1.84412
1.81452
0.810629
0.916263
0.531861
0.782053
1.44199
1.8538
0.5857
2.58938
4.11082
0.415701
0.538321
0.447252
1.33725
20.675
0.920832
15.9214
16.1221
22.2937
34.117
14.5619
25.0174
36.3459
11.312
34.0985
18.6028
13.6144
23.2053
29.5962
13.6341
32.7308
5.61869
37.3749
9.52009
15.7543
19.0976
30.8764
2.27087
1.89566
1.62223
1.25084
1.31141
2.68843
0.821448
1.83204
1.46159
2.93617
18.6148
18.0226
1.42838
6.12303
21.7459
1.82047
4.80398
3.1938
5.53399
1.58893
1.26526
6.26764
3.89747
1.36903
1.50047
3.9092
6.12157
4.6788
12.1196
9.89209
1.7583
3.09807
1.59334
1.5212
3.77357
2.20532
5.62514
6.19212
4.88538
5.86527
3.11871
4.3645
3.8139
4.54205
10.7334
4.85493
4.09269
2.61987
1.79559
5.25491
1.87831
4.76594
4.23716
2.51817
2.97325
1.62838
3.91505
4.6555
5.91608
2.06973
4.2707
6.27045
5.23257
2.19611
2.22228
3.57422
2.71436
8.33131
7.47624
7.08139
0.775339
1.39676
1.21759
0.665235
0.905175
3.80004
11.3602
2.82598
1.16978
0.816538
1.02589
3.40983
0.84172
1.09441
1.62787
0.467108
4.36056
2.05001
1.29403
1.34325
1.72984
4.55272
3.51301
1.19612
0.533281
3.77451
6.05533
4.27571
0.394809
0.989637
1.95969
1.17903
0.26029
1.41924
0.785935
1.04145
0.766456
2.24925
1.03152
1.42937
3.24322
0.423923
2.86661
3.83762
1.57011
3.90416
3.46474
4.25329
2.63037
1.77496
1.93233
1.35431
1.36993
2.94351
2.08177
2.39907
1.51424
0.725845
1.13674
1.10766
4.9411
1.36064
3.6024
2.81535
0.572879
0.813574
0.439867
2.93346
22.7598
1.7669
33.6365
24.3994
12.0691
16.1852
28.0499
25.4212
19.957
18.351
22.7452
27.5201
24.9445
12.3745
13.596
27.3124
27.1763
6.6114
30.075
24.8822
12.2866
12.9926
31.0396
0.704162
3.61614
1.1937
1.32592
1.63271
4.95444
1.08084
3.38064
1.5857
2.14572
10.0607
9.13146
1.59512
14.2755
25.7274
5.37126
4.20054
5.41609
4.85185
2.38877
1.09021
9.59411
1.83904
3.47476
1.20002
1.92992
2.69981
3.66353
8.93324
18.7891
1.57581
1.51312
3.74432
2.59983
2.35635
3.3866
8.26871
11.1531
6.55676
6.0339
3.44637
5.01037
3.2055
6.94511
33.9528
4.81535
1.37247
2.96726
3.23532
3.22293
1.44165
3.54886
4.92379
4.90701
1.93288
4.82723
1.86237
2.8024
3.52066
5.13979
7.29791
4.42787
3.39831
5.74201
2.77114
3.0133
5.20006
21.2018
3.97637
3.10435
0.540411
1.34888
1.04969
1.10849
1.29785
2.49738
11.0422
3.13556
1.20933
0.70841
1.1823
1.66623
2.06085
1.20014
1.67526
0.359717
1.98049
0.832091
4.28177
0.439285
2.70885
4.76585
2.41752
1.05866
0.80969
1.8073
3.69456
7.27598
0.571823
0.339173
2.24422
1.07218
0.492443
1.8827
0.611262
2.08239
0.727651
2.74278
1.19121
3.68846
1.41021
0.69733
1.95255
3.99982
1.85966
4.44242
4.2738
4.06661
2.17816
1.33155
3.74266
1.44394
2.82078
2.82312
1.3155
1.53426
1.3118
0.748415
2.118
1.04309
2.74086
0.680979
3.74458
3.82305
0.394347
0.772349
0.477781
2.93538
14.482
1.3478
21.7578
14.2993
28.6376
18.1143
12.1185
27.7134
34.2102
22.8522
27.2187
13.6253
11.7435
25.4348
19.2286
31.9078
31.0094
12.0486
13.6513
13.6708
21.2035
17.173
19.4472
1.18139
3.22722
1.99624
0.628255
3.27703
1.69763
1.87385
1.68818
1.29297
2.87358
19.8843
16.0418
2.96543
14.7561
18.0917
2.56906
1.62096
2.78478
3.93154
0.939188
1.57209
10.7794
3.76347
3.66738
1.30903
3.81803
1.91149
10.503
12.1436
20.0383
1.09424
2.65388
4.19925
1.0278
3.33227
2.58765
5.36048
8.46198
4.76162
4.58164
3.8671
5.71035
4.81313
4.1806
10.0377
2.63523
3.57378
3.91577
2.47339
1.91514
2.00227
3.11467
2.6185
4.12425
1.82877
3.2732
2.02679
2.0326
6.57793
2.31722
4.29492
5.32859
4.54151
2.72141
3.2398
1.95452
2.426
15.5059
7.89293
5.37089
1.16756
1.01095
1.02574
0.673299
2.56668
3.40149
12.0754
3.17356
1.11272
0.299607
0.721068
3.016
1.33151
0.655494
1.14854
0.743248
4.74263
1.78409
2.04569
1.258
1.76013
5.09263
2.75244
0.344595
0.865882
1.77226
7.86275
5.18492
1.14472
0.885961
2.0278
1.26365
0.872613
2.38963
0.544336
2.1044
0.925869
1.98853
0.409494
2.22547
1.91492
0.946559
2.03911
2.95326
4.88731
3.76034
5.17715
4.09497
1.35987
2.9628
2.73427
3.23802
2.50092
2.5926
0.83922
0.932095
1.37714
0.456162
1.4185
3.33338
2.09031
1.56983
1.98123
3.87645
0.316566
0.285786
0.681396
2.33672
19.5525
0.948162
13.1372
10.4038
37.6452
11.7268
13.9574
14.0102
14.4742
30.0363
9.74484
34.5863
16.3784
33.3964
9.47809
37.0493
17.2679
8.26928
21.8841
13.7155
17.2467
17.4976
11.3464
1.52992
1.00801
1.07428
0.880606
2.99185
4.26883
1.82632
3.74211
2.2082
1.75304
16.3614
20.9997
1.83062
8.33817
26.638
1.67067
2.40526
2.65144
6.16404
2.32566
0.760172
6.0846
1.91766
2.65328
3.49749
2.63967
5.10495
9.01048
5.49739
8.68008
0.707748
4.66585
3.68965
2.20918
3.12351
1.48909
7.54709
12.2938
8.56424
4.99944
6.81928
5.34886
3.00025
4.15245
16.2755
4.51362
1.64544
3.04732
5.43212
5.12314
3.53168
2.2428
1.79727
3.7974
2.92518
4.98814
3.84628
3.61767
4.71636
4.79878
7.56037
4.85083
5.32267
5.9505
2.42113
2.75154
3.31555
9.0337
8.66917
6.12094
0.59868
1.10406
0.827375
0.98433
1.87458
3.06296
5.46204
1.46684
1.07086
0.591591
0.559362
3.77272
2.05236
0.833099
1.78703
0.840809
4.53721
2.02357
1.38615
1.53765
4.68693
4.64816
4.65472
0.98083
0.442008
2.31036
5.31709
4.29189
1.03867
0.547103
2.30526
0.545929
0.495535
1.14648
0.356275
1.0702
0.662572
1.79353
0.534747
2.99675
2.05976
0.942337
2.1949
4.26459
2.70808
1.85473
4.2471
4.68782
2.69916
2.27348
1.42479
2.81526
2.74396
2.78448
2.83488
1.701
2.41855
0.414803
1.21434
2.25515
3.4037
0.669784
3.38377
3.48918
0.787237
0.699881
0.718723
2.23579
21.627
1.1535
15.5784
30.2057
14.594
34.0312
26.2927
35.9101
27.9077
28.3581
19.3554
20.1431
18.5364
22.758
19.9685
36.9908
11.6801
8.23375
15.9587
14.9597
32.0291
19.4922
29.3391
2.21035
2.39322
1.39184
1.7261
2.75126
3.57046
1.3324
3.53306
0.941984
3.54416
10.4653
19.1098
1.41878
10.3724
14.5242
4.71349
1.4488
3.75486
2.5109
1.21967
2.05191
7.3192
2.45135
1.91733
3.70598
2.03408
5.59112
7.15139
13.3202
8.92882
2.12917
3.39434
2.93234
2.74046
3.5896
1.24006
7.09834
5.78271
4.16338
3.80438
5.10148
2.40955
1.76877
4.5662
14.2321
4.68632
1.3312
2.33171
5.01032
3.95364
1.59993
4.666
4.40701
1.5565
2.34104
3.92435
2.29018
3.3591
4.77729
4.47649
4.94386
5.19736
5.77702
3.28683
3.17041
3.40605
3.5146
18.0526
6.02095
2.22951
0.620986
0.395297
1.24104
0.843325
2.47276
2.65248
14.9701
2.19869
0.782316
0.973321
1.08111
3.64721
1.88795
0.877985
0.984762
0.667819
2.29159
1.65001
3.86079
1.24753
6.36583
2.67023
2.87313
1.18078
1.02002
1.46055
4.38415
6.54856
0.705284
0.402521
0.763067
0.766793
0.697177
2.04521
0.391165
1.41289
1.07036
2.6658
0.510696
3.58374
2.58782
0.702987
3.85139
4.13002
4.88093
2.63247
3.20702
2.73904
2.84231
1.98095
3.74701
1.34075
2.15275
1.35146
2.3686
2.55202
1.46426
0.731005
2.40397
2.40336
3.72564
0.651968
3.57521
1.31812
0.979831
0.440035
0.491068
4.516
8.0302
1.89459
34.1968
10.9421
23.0853
27.0038
27.8611
16.8888
21.382
26.1986
33.3168
19.252
16.0779
13.5633
28.4792
21.4
36.9892
6.13183
16.1003
29.7683
13.6985
29.5574
29.1549
1.24584
1.66365
2.5767
1.69114
1.07202
3.25739
0.812266
1.72647
1.57678
2.27934
6.94675
17.3916
1.74587
12.339
24.1848
5.01225
3.03356
2.07989
5.88052
2.21273
0.869084
9.78729
3.37788
2.83119
2.13855
3.44955
3.46311
10.2099
8.49751
18.1237
1.64713
1.57081
1.39438
3.73417
4.33984
3.004
7.91814
10.015
6.20723
5.0957
6.45169
3.8055
3.44125
6.66556
32.0166
5.33867
2.36749
2.22717
3.67569
2.08732
1.9385
4.22311
3.61159
4.52863
4.17339
4.3874
4.3908
3.85286
4.93453
4.56947
5.81439
6.00002
4.36319
5.82129
1.49262
2.96445
1.78532
26.3077
9.74321
5.88724
0.922024
0.712615
1.9356
0.818533
2.87143
1.81323
6.73987
2.17968
1.27917
1.12
1.18204
3.01354
2.40435
1.03876
1.59196
0.410747
3.41068
0.678633
2.68013
1.0069
2.24162
5.25904
2.23143
1.22515
0.987601
2.46208
6.68151
7.58209
0.809405
0.347213
2.12957
1.28642
0.517107
1.58411
0.426317
2.41163
1.17405
0.862837
0.972874
2.75055
3.57915
0.397002
4.96499
2.78335
4.28445
4.56863
8.17842
1.65238
2.65838
1.84358
2.95799
3.22508
2.50698
2.64269
1.86702
2.66025
1.10436
0.604236
1.42497
1.88337
2.78245
0.443256
2.5703
1.85883
0.331345
0.253046
0.208923
4.73781
17.1142
1.31402
28.5985
10.705
30.5042
29.6166
9.59451
18.9258
22.209
27.6643
10.8061
15.3169
28.9977
17.7479
11.2107
29.367
13.0411
6.17083
25.7028
19.0224
15.98
21.884
16.7889
1.1363
1.72045
1.82003
1.14526
2.74339
3.47009
1.10125
1.92763
1.07643
3.4008
12.7566
20.8228
2.18723
11.7862
7.60581
4.68522
5.46484
2.41006
4.58995
0.822893
1.66071
3.13658
2.69585
2.13234
1.85486
3.91081
2.72193
5.22731
8.05551
20.2007
0.6369
3.53201
3.24288
1.28194
3.72338
2.78827
8.11081
5.40357
6.44807
5.79019
3.5731
3.57712
2.13162
4.35884
14.179
2.56433
1.98909
2.41954
5.24899
5.11333
3.71307
3.37167
1.87952
3.0282
3.24182
2.3331
5.24044
5.93675
2.46776
2.18235
7.58204
1.76245
6.1196
6.79311
2.14083
7.16869
4.87359
17.4942
8.80962
6.08894
0.69349
1.12766
1.69339
1.25316
1.28174
2.87967
7.33836
1.21258
1.56451
0.301474
0.727441
1.16907
0.936618
0.791181
1.68251
1.24937
4.71892
2.10124
4.14354
1.55604
6.08757
1.65578
3.32346
0.693267
1.20045
3.79798
4.06954
2.80541
0.393047
0.735697
2.85431
0.984419
0.453478
1.06199
0.388881
1.82355
0.432316
0.907801
1.2755
1.95928
2.01407
0.867675
3.47733
1.40983
4.74199
2.64601
3.24873
3.05891
3.51948
1.43512
1.87522
2.44862
1.27939
2.84692
1.7395
0.845129
1.68624
0.56099
2.10127
3.13951
1.50039
1.59077
3.71018
2.67538
0.269263
0.492575
0.714947
1.40223
12.8689
1.61132
35.1043
12.6604
13.2634
11.3412
12.1636
29.4572
19.8671
32.7736
17.8518
33.3364
14.8589
11.2707
34.7758
10.8607
23.608
3.92648
16.5974
37.3945
22.0083
22.7534
17.0012
2.40753
1.00261
1.83926
1.98005
3.26458
4.87196
1.93176
2.55109
1.09025
2.97513
16.6287
13.683
2.52682
16.4214
7.36253
2.84367
3.6064
2.4847
3.77605
1.44209
1.20879
3.72279
1.39962
2.0899
0.97713
2.55455
2.88199
4.24051
6.38698
14.0023
2.10271
1.94811
1.93863
3.55562
2.99138
2.32319
4.72834
7.45344
8.29161
3.70622
5.56919
6.20897
6.23894
3.26658
26.1823
4.00387
2.28923
3.08775
5.13702
1.96244
3.72982
4.81209
2.76049
4.20895
2.51339
4.13787
2.19319
3.92938
5.33673
3.54717
10.3304
2.57404
6.71488
2.71672
1.4169
2.9855
3.68673
9.9055
7.78426
1.86798
0.451847
0.793183
0.88512
0.363635
1.91477
2.18095
16.9545
2.55931
1.33752
0.360812
1.03261
3.12622
2.24277
0.52504
1.42132
0.979498
3.68339
1.95986
3.18586
1.14825
2.10451
3.48394
4.46764
0.980772
0.354134
1.68625
6.9021
2.96072
1.1214
0.355274
2.52586
1.28867
0.614778
1.27178
0.558854
0.707527
0.624501
2.59952
1.31153
2.11244
4.19468
0.902765
2.91732
4.49188
1.69958
1.58241
3.4111
2.18266
3.31068
2.8017
3.92648
2.4894
0.832475
1.47939
1.09882
2.00798
1.47463
0.866181
1.47371
2.84717
1.42864
1.49498
1.32215
4.12455
0.66717
0.321252
0.644445
4.08581
22.8717
1.45901
25.6313
11.6147
21.8724
23.9686
22.5159
28.2085
31.7762
22.771
10.4791
32.3445
26.8078
34.3217
14.7363
22.0999
28.7182
4.6853
21.7792
11.5947
19.3492
21.2944
28.5516
2.01323
3.52301
2.34658
0.7685
3.55729
2.96252
0.990572
3.01601
0.827481
2.85363
7.60499
16.981
1.73174
9.31947
14.1522
1.64651
3.31183
3.74258
5.24553
2.20211
2.10544
7.30306
3.63443
2.86065
1.72755
1.39264
3.85507
7.12073
9.72516
20.3347
0.904397
1.94853
1.96826
3.64978
3.96972
3.14879
6.38153
6.3576
5.82997
4.65774
3.40858
2.90272
3.56839
3.2965
35.5104
3.35834
2.67851
2.41699
5.12655
2.68883
4.11882
3.90396
4.10024
4.59951
4.36895
3.42004
4.99425
5.9611
4.73867
1.60341
9.72502
2.66583
5.4255
4.69753
2.62647
2.85239
4.00969
18.2261
6.62503
3.24395
0.364439
0.50892
0.970208
0.839392
0.788357
2.84787
19.613
2.03364
0.545574
0.638644
1.12878
2.95791
1.87046
0.854882
1.07796
1.09418
2.84785
0.939158
3.16407
1.0767
4.93077
5.24582
4.89274
0.814155
0.756391
2.97445
5.98984
4.71621
0.668092
0.607939
2.43384
0.971306
0.715141
1.74321
0.643429
1.49074
0.521232
2.12076
1.34761
3.31108
3.88437
0.647193
3.83591
1.28282
3.00252
2.67509
4.73526
2.02746
2.6125
2.86532
3.13655
1.07185
1.13188
3.11616
1.16545
2.17268
1.49041
0.59464
1.00755
3.3272
1.62331
1.59159
1.33653
4.92003
0.429636
0.423024
0.18504
4.01369
26.2224
0.942048
11.5757
26.9588
30.273
32.9542
17.4775
11.6072
22.1732
20.6743
32.4199
21.1662
13.9481
15.8851
26.0684
14.66
25.6267
11.6544
27.7414
25.88
35.6976
33.9333
17.2953
0.69965
3.25008
2.01938
0.792506
1.28777
6.17966
0.756216
1.55766
1.21819
2.53594
13.0469
7.9455
2.20787
12.1378
25.2785
5.1801
3.15635
4.52682
5.25435
0.757237
1.7706
5.045
3.75876
3.24703
3.15555
2.35655
3.7346
4.1282
9.0973
9.60782
0.881646
1.42187
4.83389
2.9941
3.43874
2.46822
6.37522
6.07249
8.16809
4.90033
3.75873
4.92863
4.61331
6.6104
27.5643
4.07531
3.38288
3.11183
2.16324
4.75234
3.28711
4.7643
2.32012
4.58103
3.73152
3.13826
4.19544
4.34665
5.45446
3.27686
7.99023
6.64364
2.60638
5.66863
2.43671
2.85608
3.91019
25.379
11.9026
2.63254
1.1849
0.681781
1.10356
0.759959
1.06402
3.99633
8.18201
2.9463
0.948201
0.312367
0.608117
3.92498
2.44271
1.09151
1.6005
0.564255
1.39998
1.23539
5.02707
1.44065
4.12865
4.62435
4.67598
0.503806
0.472794
1.16011
5.42843
5.15245
1.20651
0.513827
0.878146
1.15621
0.394951
0.780474
0.44991
2.03895
1.04358
2.30724
1.05253
1.41266
2.23523
0.545165
4.75568
3.17128
4.52002
4.27181
8.04749
2.80493
3.32169
2.04156
1.82447
2.02058
2.99049
1.72491
1.3718
1.47765
2.49554
0.63591
0.857025
1.07301
4.21205
1.37086
1.71997
1.47355
0.903189
0.617427
0.53618
2.11353
23.7336
0.614661
16.4867
36.1571
29.4245
23.5276
19.9153
25.7224
36.6005
12.7809
35.7454
32.2553
18.8956
28.7186
31.4219
23.2687
18.5414
10.9654
32.5509
36.868
32.6775
19.9407
20.1267
1.00934
1.62583
2.97578
1.72652
3.59243
3.10624
0.731027
2.10962
0.619273
2.43029
6.17849
28.6326
2.39321
10.1521
11.693
3.21614
3.31736
3.94582
4.70866
0.916698
2.42233
6.63546
2.61711
1.05535
1.7999
2.81886
4.17553
8.49211
14.874
21.0115
2.03407
2.41991
3.81957
1.47541
2.20979
1.8467
5.85448
4.9728
7.89469
2.7308
6.31982
3.48066
5.26686
6.83275
25.1554
5.51015
3.95808
1.55218
3.70399
4.37508
2.61385
2.25875
4.40864
4.33798
2.24301
4.52354
3.22597
2.398
5.85713
5.47174
6.02125
3.78763
3.6265
4.63672
3.52788
7.44346
5.161
23.7883
4.96434
6.94917
0.724031
0.870087
1.60624
1.00749
2.11243
1.95996
14.1081
2.12975
1.05129
1.05968
0.497973
1.10659
1.95641
1.1185
1.48272
1.09825
3.20277
1.96375
4.39058
0.69068
4.85461
4.70222
2.51347
1.14541
1.16609
3.28432
5.49417
6.47972
0.479007
0.876912
2.69278
0.863881
0.485647
1.66228
0.836642
2.01067
1.14552
1.82945
1.06702
2.65574
4.05785
0.807669
3.91061
1.84632
4.20053
3.36918
8.30489
6.14043
1.66938
0.886357
2.22069
2.39907
1.47308
3.18443
1.34791
1.19884
0.937258
0.484257
2.23135
1.27229
3.10261
1.53705
2.88134
1.44333
0.616718
0.912546
0.532182
4.18072
18.35
1.30696
33.5751
32.0076
38.2898
32.9963
21.9474
23.3723
19.4075
27.5515
31.9373
16.1482
11.4189
17.9903
13.8928
29.8558
12.8101
11.4057
19.52
23.7279
17.3684
27.1009
13.1118
1.42607
2.88502
1.80737
0.90121
3.37285
2.47917
1.97613
1.18089
1.27876
3.19665
16.7317
24.2332
3.09189
9.79234
15.7735
1.8068
4.67206
5.33326
3.14109
1.2262
1.26685
8.02996
1.14383
2.93664
3.00461
2.72638
5.7535
10.5394
8.29061
18.4934
1.34663
2.05102
4.46244
3.61399
3.67462
1.84574
7.31734
9.14345
5.15829
3.85427
6.03962
4.33835
5.88518
4.73352
20.4952
3.91781
4.00793
3.795
3.68597
1.85223
2.08492
3.55839
4.41671
3.06321
4.61842
2.53771
3.82791
2.74003
3.57367
4.7761
5.4286
3.63059
6.45198
2.07956
1.59089
5.55683
4.34613
27.0371
9.86235
2.09614
0.733036
1.12742
1.20708
0.377485
0.85247
3.69323
13.22
3.16006
1.48198
0.780371
0.465104
3.3765
2.0629
0.6002
1.65255
0.854188
2.90073
2.03122
1.82634
1.47574
3.139
4.6522
4.37431
0.342798
0.448401
1.36487
4.117
2.43031
1.24957
0.27493
2.33824
0.822318
0.654343
2.73056
0.570939
1.37513
0.405343
2.76306
0.974787
2.45671
3.13424
0.387686
3.84735
4.20252
2.7306
2.08609
2.24062
4.15916
3.73928
2.38322
1.05093
2.37007
2.68845
2.83889
1.53301
2.42046
1.77009
0.291945
1.96732
1.71467
1.44399
0.433643
1.562
1.74767
0.360903
0.290729
0.30461
3.78903
26.7159
0.876415
24.4265
23.0711
28.846
10.7894
17.1027
25.3293
18.1963
18.1088
31.9214
23.6161
24.7256
17.4559
19.0474
20.1786
11.6587
11.5123
14.9303
33.9949
35.4477
37.0055
13.1352
1.75437
2.31064
1.3004
2.08824
1.41599
4.44064
0.768375
1.41983
1.46247
2.11411
20.7266
18.6431
2.76333
11.4637
27.1985
1.50109
5.26197
3.3286
3.13547
1.42325
0.804769
5.64012
1.75745
3.31378
1.15933
1.55128
3.27092
7.33653
19.3759
16.929
1.98526
1.64077
2.76924
1.11609
2.25347
1.16331
2.44003
7.82252
3.40583
6.9811
7.56971
3.89942
2.74766
6.40197
9.89153
6.20305
2.87574
2.11786
5.29866
4.42856
4.64655
3.63363
2.23522
2.88335
2.77555
3.09495
5.54197
2.04017
4.04391
1.72324
6.12674
2.53689
2.99679
2.10073
3.09616
7.59956
2.44129
11.2694
11.2924
2.76779
1.06001
1.27407
1.60001
0.868494
2.68304
3.64543
12.9892
2.86752
1.28196
1.07278
0.367098
1.78503
2.43245
0.676728
1.22342
1.05027
1.71915
1.23042
2.66884
0.823491
5.07689
2.9605
4.20714
0.838556
0.876494
2.20028
5.56865
3.96216
0.697967
0.672447
2.53472
1.11325
0.958417
0.925025
0.751661
2.0022
0.782599
2.65032
0.937052
2.55978
3.59679
0.967345
4.18471
4.74797
3.40862
3.39225
4.67466
3.75756
3.66932
2.09899
1.17084
1.51795
1.78309
2.63287
1.47901
1.09849
0.756823
0.865121
2.05487
1.41877
4.82584
0.698794
4.2469
2.4398
0.730744
0.574949
0.617727
2.94172
19.7142
0.530872
11.3852
36.2813
14.2736
30.0208
13.5008
29.4606
26.7303
34.4133
15.3175
25.9833
34.9665
29.0914
15.615
31.6983
29.684
3.82831
28.6438
18.112
36.1519
15.3799
18.5714
0.621128
1.0232
3.27317
2.22901
3.34321
2.07491
2.34999
2.60231
1.4868
3.46151
16.6405
7.91058
1.4657
10.0818
23.1775
3.5489
1.75962
2.42558
2.9768
1.94006
1.1504
5.52234
1.29093
3.11723
1.91995
1.35043
6.23444
4.91845
17.7018
10.4967
2.32874
3.71394
4.79729
3.75119
2.96814
2.94752
8.37263
5.28354
4.78635
3.89846
2.87047
2.91836
6.26419
6.69338
33.971
4.89655
4.05584
1.93505
1.97895
4.30683
3.10544
1.76028
1.76296
2.01989
1.33606
1.87103
2.89829
4.21919
2.84585
2.79519
7.04499
2.08588
2.07506
5.4228
3.53037
4.00053
3.52607
30.1832
9.02822
1.95315
1.13381
0.986319
1.30918
1.28529
1.88667
4.11855
19.2136
3.44245
1.3419
0.990562
1.17609
3.2598
2.12501
0.681513
1.26342
0.470928
2.00068
0.73359
4.17711
1.44738
5.84266
3.45401
2.57253
0.451465
0.729688
3.45216
4.52466
5.81422
1.42468
0.801068
1.55748
0.415588
0.588859
1.02287
0.636725
1.66249
0.362908
1.57919
0.388127
3.70429
3.025
0.537923
4.2046
4.00963
3.29951
3.0079
4.72445
3.68522
1.7531
1.32719
2.97073
2.39735
1.07668
1.55582
2.01023
1.71478
2.03114
0.618099
1.7834
1.34243
4.11762
1.35221
1.38632
3.54975
0.746664
0.454033
0.561534
2.39684
25.0193
0.990624
17.2843
17.6328
11.3818
31.644
16.6528
30.1837
10.8287
25.0856
37.1932
19.4174
28.8371
14.0259
35.8611
15.1995
22.5387
11.1239
22.4637
20.2825
20.647
13.773
21.6454
1.32811
3.82563
3.08246
1.96868
3.32761
3.60866
1.44616
1.07433
1.59144
1.91528
17.0184
15.187
2.47502
11.6673
26.9621
2.66867
1.82416
3.74332
3.03111
1.66501
0.972732
3.89274
1.57745
2.27007
0.986681
2.86382
5.19552
7.20247
17.0346
13.6412
1.38139
2.65204
2.12992
1.8482
2.95417
1.78141
8.15663
11.5937
3.6357
2.25558
6.3914
6.65747
2.29166
5.44844
15.0456
4.81909
2.68933
3.05416
2.16454
3.73506
1.35517
1.73233
3.65492
2.19451
3.52216
4.84807
1.76502
2.34546
3.80302
4.08906
6.48125
2.43017
5.31214
5.16221
2.5508
2.84559
4.95871
18.0646
5.39321
4.01886
0.819759
1.11176
1.69211
1.27534
1.12431
1.19409
6.07477
1.26215
1.06962
0.471262
0.881788
1.29046
2.18168
0.551648
1.28928
1.11866
1.35451
0.604931
4.1623
0.411189
3.82699
5.02519
1.50745
0.534733
0.524515
2.63374
6.22118
3.622
1.24629
0.604845
1.36689
1.1621
0.788954
1.04935
0.516835
1.93359
0.75914
3.04258
1.082
2.59463
3.55994
0.548311
2.40057
1.47987
4.36625
1.64619
2.55556
2.23627
2.77612
1.84928
2.70173
3.06918
0.972375
2.52698
2.5579
1.1337
2.23853
0.731532
1.9649
3.44413
1.64349
1.59072
1.35455
4.5277
0.546778
0.879746
0.255125
2.15874
9.43925
2.04889
22.6646
28.4058
21.89
15.5268
24.3127
29.3531
33.8876
15.1994
25.3857
19.7738
10.3355
35.9208
16.1101
27.4855
31.3895
12.2085
10.5099
26.4274
19.4486
22.1143
25.528
1.49115
1.96784
1.50614
1.38592
1.42493
3.68412
1.83944
1.20573
2.39108
1.13212
14.2888
16.7206
0.952909
14.598
17.4931
2.69022
1.40376
4.00261
2.30084
1.02163
1.52418
2.88304
2.36118
3.25951
1.51738
1.21561
3.09918
7.40104
15.8451
8.32893
1.30974
2.83297
3.92965
3.12309
1.86642
2.00954
3.395
3.61885
4.31962
3.69849
4.28953
2.05531
3.25986
7.03326
15.3989
1.73447
3.73839
2.68303
3.07662
3.2052
4.40751
3.48479
3.43522
4.70285
3.7964
3.66257
5.3072
5.93267
3.81555
5.01034
8.2336
4.78861
1.99834
4.60916
2.02299
5.13934
3.61389
29.5089
5.07079
6.57779
0.387867
0.9878
0.760309
0.897836
2.83007
1.13641
7.49575
1.20822
0.755271
0.742409
1.10026
1.91468
2.12739
0.36032
0.825165
1.30488
2.11592
1.73555
4.59203
1.22048
2.10165
5.26644
3.74313
0.964111
0.521244
3.41085
2.86737
4.63128
1.18811
0.964671
1.48396
1.13088
0.950936
0.76147
0.499817
1.42076
0.719624
0.935264
1.17892
2.96157
2.91862
1.02487
5.06339
3.54487
4.86507
4.05195
5.84659
5.28825
2.40974
2.88809
1.05737
2.79033
1.61482
0.82044
1.02995
1.22226
1.81881
0.227937
0.815047
2.26813
5.22988
0.459915
3.21801
2.04978
0.623611
0.243454
0.37547
4.23112
22.9889
1.5455
34.8541
25.2985
36.6381
18.9811
24.0135
35.0506
10.1643
30.2989
12.2327
13.0869
36.9064
13.0317
28.5368
25.5758
19.1252
12.6739
26.1326
32.9934
29.0091
17.6296
27.8059
1.79445
1.72822
2.86012
0.766231
3.51499
1.94342
1.55529
3.67936
1.94103
1.30841
14.2196
25.487
1.79504
6.78612
8.53263
4.06882
2.31592
2.90082
4.31171
0.998058
1.65925
8.81212
1.44573
3.6822
1.41053
1.22708
1.83851
8.57154
10.603
11.7182
1.57752
2.47816
1.41809
2.50237
1.26148
1.59974
6.80859
3.60667
3.07993
5.63036
2.84169
3.41516
2.20913
3.51856
14.5609
1.68982
3.2404
3.52454
5.30889
3.8423
3.26358
2.04011
1.48053
1.3889
1.35776
2.84876
2.27658
2.47769
7.25792
2.87286
6.46596
3.14564
3.34827
2.41083
1.25854
2.51938
3.07396
14.406
11.0789
6.83521
0.97926
0.67362
0.784326
1.04074
1.19653
3.49438
13.7951
2.95673
0.774978
1.08288
0.480863
1.26123
1.86777
0.402843
1.47679
0.585637
4.7325
0.6926
4.08162
1.54227
3.38411
3.76813
3.99475
0.690014
0.713874
2.92046
3.63394
2.38288
0.691249
0.917776
0.780442
0.389178
0.349482
0.939405
0.288388
1.32574
0.603646
2.05204
0.420834
1.03068
1.35428
1.09221
4.93074
3.61732
3.10382
2.57326
6.68523
4.95849
1.91236
1.9156
1.43415
2.31911
2.41572
1.74019
1.66595
2.06401
0.845257
0.589526
1.47088
1.6383
4.27359
0.707049
1.17296
1.78007
0.916666
0.289407
0.279643
3.91628
11.3387
1.7466
32.0933
17.2952
26.3233
22.0832
30.2662
36.4844
20.2569
34.8196
32.5885
35.6546
9.46557
15.5875
23.8042
25.1153
36.6604
11.1783
30.7567
19.3079
32.0544
20.9538
30.9101
1.40842
3.56478
1.52667
1.89675
2.64938
3.92992
0.946664
1.93334
0.925684
2.78284
9.0278
15.2606
2.07978
9.23017
21.3122
2.64788
2.9209
4.932
5.65611
1.3184
2.2847
7.38889
2.35587
1.56688
1.04818
1.99569
4.17019
6.38324
6.41386
13.4746
1.43123
3.46115
4.38586
3.40619
4.41987
2.70354
6.37786
11.4559
4.46255
2.22764
2.81023
5.82605
3.73918
7.34418
34.8745
5.39583
4.69283
1.71024
2.84738
1.85809
3.85922
2.53618
4.09691
2.46419
1.96444
3.12516
3.15038
5.8768
4.99501
3.32801
9.63079
6.21194
6.11385
3.33084
1.12457
4.12072
5.2063
22.4309
9.4365
6.09242
0.430109
1.06176
1.15192
1.06658
1.2087
1.92355
10.3324
2.63833
1.4863
0.476365
0.675249
2.11767
0.922227
0.452837
1.28307
1.10816
4.61425
1.00369
1.30651
0.887466
2.16419
2.53932
3.78596
0.607909
1.20721
3.65266
6.3861
7.82082
0.418746
0.521626
1.18329
0.980229
0.758714
2.02883
0.452175
2.56021
0.629702
2.17609
0.408955
1.09001
2.23766
0.971934
3.85163
1.31237
5.11021
3.78691
2.73851
6.07158
2.79716
1.15268
3.52719
0.953045
2.18476
2.75043
2.55797
1.23457
2.28723
0.665019
1.11749
0.991319
3.53288
0.611327
1.4606
3.14896
0.862617
0.281974
0.578664
1.67069
20.275
2.04148
19.7931
29.8916
14.5924
23.8024
12.8242
13.2234
32.7581
29.2925
35.6785
16.5306
14.1543
29.9458
31.2765
30.6668
24.522
11.7822
21.5691
18.7295
25.083
23.0434
24.5292
1.2558
2.91262
2.78421
1.75157
0.96365
5.60077
1.36612
1.63149
0.970701
1.77599
7.50882
13.192
1.89486
7.24006
25.2592
3.70169
2.47581
1.54769
3.97178
1.25014
2.22731
8.58223
2.79762
2.66215
2.62304
2.38569
5.10085
8.75453
13.5954
11.8038
0.989076
2.81988
3.80607
2.14707
4.35476
2.12662
8.47345
3.55723
6.36024
3.94819
5.37816
6.1446
3.05534
4.31638
10.4365
3.47232
3.83544
2.01464
5.35057
1.73595
3.44085
4.72675
4.44057
4.42677
2.92169
2.23416
5.21949
4.56059
2.53384
5.68914
4.03007
3.09346
2.36496
3.68437
1.50951
5.86071
2.42914
24.0877
9.33327
4.25848
1.11779
1.1921
0.980423
1.34774
1.75492
2.10024
9.62142
1.0528
1.17691
0.320307
0.784802
3.95765
1.2203
0.521603
1.43896
0.847392
3.01008
1.6078
2.55156
1.07078
2.90502
2.37766
1.71843
0.91894
0.60121
1.90684
4.39745
5.69402
0.776287
0.436653
2.62821
1.11156
0.916092
2.48658
0.646998
1.11141
0.876741
3.28065
1.13617
2.38877
4.40973
1.12039
5.42259
4.78746
3.04196
2.30735
5.14901
2.88338
2.16352
2.76411
3.63926
1.82786
1.62851
1.8743
2.4685
1.08812
1.20598
0.467645
1.10764
3.17582
2.10165
1.05091
2.3767
3.67258
0.767337
0.245118
0.717486
1.99062
17.122
0.808059
34.7822
31.0733
22.0957
28.4098
10.7778
31.9373
23.232
25.6052
15.1728
14.6384
19.9609
13.1583
13.431
35.2929
34.0742
8.97806
18.146
13.8284
29.8596
26.2441
16.8329
2.42437
2.85201
2.96421
2.32614
1.37036
6.22719
2.00253
3.88992
1.34634
3.3781
16.9209
7.89826
1.76173
16.1544
20.4414
4.85449
1.93349
1.94943
6.34183
1.27791
0.798647
6.29242
3.40876
3.89227
2.58246
1.02162
4.56374
6.63244
8.34708
6.58307
1.45891
2.53581
3.7032
1.8196
4.24179
2.06355
2.2927
9.44208
7.09481
6.28337
5.27252
3.25481
4.7825
3.21589
24.189
4.98098
3.42667
3.31022
2.34635
3.24736
4.00408
2.36742
1.93956
2.74369
2.31691
2.04809
4.9469
3.83276
5.90742
4.27113
8.98756
4.00829
5.3349
7.01781
1.43935
5.43728
4.00883
9.73637
5.56693
5.20574
0.377546
0.544665
1.64918
0.416613
0.771817
1.97731
6.29005
2.7033
0.550428
0.982435
1.18491
2.01686
2.00621
0.691012
1.61558
0.586255
2.0391
2.10685
4.01892
0.797331
2.91539
4.86914
5.02978
0.609493
0.379729
3.15171
7.27579
2.1298
0.541045
0.645638
2.18254
0.948175
0.465754
2.15604
0.81523
0.919693
0.700594
1.67755
1.24964
0.952583
1.24962
1.1251
3.21749
1.4099
1.5409
4.11599
7.09005
4.32586
3.80246
0.905764
2.34761
2.41532
2.92255
2.88324
2.93499
1.61615
2.23687
0.761598
1.80704
1.60889
3.35169
1.47532
3.36566
3.70588
0.765955
0.646297
0.580152
4.39777
26.8015
1.94639
34.7721
18.7803
14.142
35.4946
18.0382
21.1985
31.9044
34.3549
21.7439
26.3031
28.9629
9.5378
21.2291
10.9824
24.9936
5.82817
10.7046
14.3813
16.1462
37.5529
31.0619
2.19696
3.67469
2.89658
1.59361
1.6187
3.36075
2.00293
2.95359
0.824631
2.41977
21.1074
17.3702
0.954802
10.3342
18.4765
1.75291
4.65093
4.91138
4.6675
0.709445
2.01667
9.26055
4.09271
0.992769
3.46447
2.39098
4.68292
6.38077
13.5146
9.18509
2.39828
1.8387
2.81662
3.51997
3.79535
1.71347
2.51022
4.22446
4.98806
6.76116
4.90227
3.20157
2.53332
7.25021
26.3425
2.98664
3.76832
3.03376
1.63011
5.13366
2.08488
4.4141
4.19783
2.13742
2.98134
4.40205
2.70066
5.64149
4.33305
3.89746
4.84569
6.60024
2.4943
4.3575
1.40751
7.54457
2.5745
26.2219
9.20821
5.90648
0.821074
0.707615
0.82098
1.19458
1.90367
1.6837
5.55495
1.08133
1.49396
0.84197
0.514454
1.7666
2.2769
0.93848
1.63424
0.505741
4.45189
1.18759
3.17487
1.46123
5.11285
3.20561
4.59561
0.436512
0.912361
1.84444
5.00199
5.29036
0.794566
0.872395
1.14221
1.038
0.552198
0.858515
0.57878
1.20639
1.09373
1.58153
1.37806
3.16145
1.19053
1.10855
1.45583
1.71193
3.0005
3.36641
4.92541
6.35933
1.34845
1.77164
1.01643
1.48536
2.5295
2.39977
2.63924
2.13481
2.52222
0.540494
1.39943
1.76745
2.58068
0.943368
2.31147
2.93362
1.03023
0.347478
0.546884
1.27513
8.24588
2.0082
30.0267
10.6103
27.9924
9.73834
14.6493
23.6736
33.4707
9.73659
30.111
9.32794
32.2829
25.1563
33.2949
11.8828
36.2911
3.29665
34.7463
23.8371
22.0366
30.8614
13.6143
