1 1280.000000 720.000000 0.764733 74013 21765 0.29407
 2 1280.000000 720.000000 0.833373 1426116 96710 0.067813
 3 1280.000000 720.000000 0.867640 23642 13291 0.562183
 4 1280.000000 720.000000 0.828147 4164 2080 0.499476
 5 1280.000000 720.000000 0.979370 18296 108 0.0058856
 6 1280.000000 720.000000 0.699328 5970 2315 0.387775
 7 1280.000000 720.000000 0.854992 10777 3709 0.344183
 8 1280.000000 720.000000 0.839015 25554 1914 0.074878
 9 1280.000000 720.000000 0.707774 7631 2561 0.335548
 10 1280.000000 720.000000 0.877443 237085 10125 0.0427057
 11 1280.000000 720.000000 0.921069 10041 5526 0.550305
 12 1920.000000 1080.000000 0.936539 37679 11631 0.308681
 13 1280.000000 720.000000 0.953480 9676 6619 0.684026
 14 1280.000000 720.000000 0.963493 29739 1197 0.0402388
 15 1280.000000 720.000000 0.955962 12472 5394 0.432485
 16 1280.000000 720.000000 0.766314 223714 3310 0.0147941
 17 1280.000000 720.000000 0.824590 22679 13671 0.602791
 18 1280.000000 720.000000 0.483408 409639 7235 0.0176598
 19 1280.000000 720.000000 0.932790 203400 3134 0.0154072
 20 1280.000000 720.000000 0.924835 166310 9729 0.0584988
 21 1280.000000 720.000000 0.967474 50027 5573 0.111392
 22 1280.000000 720.000000 0.880640 19398 5463 0.281614
 23 1280.000000 720.000000 0.755804 18285 3401 0.186
 24 1280.000000 720.000000 0.820902 19925 3664 0.183867
 25 1280.000000 720.000000 0.882211 18912 7549 0.399135
 26 1280.000000 720.000000 0.969714 10195 3505 0.343785
 27 1280.000000 720.000000 0.979352 4754 3586 0.75432
 28 1280.000000 720.000000 0.894505 18292 3770 0.206084
 29 1280.000000 720.000000 0.523914 152595 11491 0.0753014
 30 1280.000000 720.000000 0.654527 12782 3991 0.312232
 31 1280.000000 720.000000 0.937358 17544 3949 0.225064
 32 1280.000000 720.000000 0.973625 15488 3318 0.214213
 33 1280.000000 720.000000 0.845996 18815 6150 0.326852
 34 1280.000000 720.000000 0.938393 16806 3132 0.186339
 35 1280.000000 720.000000 0.863207 29554 3300 0.111654
 36 1280.000000 720.000000 0.915976 5405 1677 0.310211
 37 1280.000000 720.000000 0.625502 18244 1554 0.0851678
 38 1280.000000 720.000000 0.775304 13146 4634 0.352493
 39 1280.000000 720.000000 0.832815 10872 724 0.06654
 40 1280.000000 720.000000 0.706860 100003 2337 0.0233671
 41 1280.000000 720.000000 0.828475 132409 5476 0.0413556
 42 1280.000000 720.000000 0.888280 15352 1811 0.117952
 43 1280.000000 720.000000 0.703252 79291 6620 0.0834862
 44 1280.000000 720.000000 0.710876 126898 4857 0.0382674
 45 1280.000000 720.000000 0.781154 23355 3201 0.137037
 46 1280.000000 720.000000 0.740906 7979 1193 0.149459
 47 1280.000000 720.000000 0.537153 40084 4294 0.107107
 48 1280.000000 720.000000 0.547310 19473 1943 0.0997343
 49 1280.000000 720.000000 0.911496 4167 1058 0.253905
 50 1280.000000 720.000000 0.956218 7523 1820 0.241819
 51 1280.000000 720.000000 0.716351 51783 3144 0.0606986
 52 1280.000000 720.000000 0.670898 19244 1818 0.0944703
 53 1280.000000 720.000000 0.797288 18113 1483 0.0818288
 54 1280.000000 720.000000 0.769043 17172 1816 0.105698
 55 1280.000000 720.000000 0.872046 18172 3494 0.192275
 56 1280.000000 720.000000 0.774234 29414 4487 0.152533
 57 1280.000000 720.000000 0.656574 55118 5492 0.0996275
 58 1280.000000 720.000000 0.759073 99130 1459 0.0147154
 59 1280.000000 720.000000 0.702518 98655 3322 0.0336667
 60 1280.000000 720.000000 0.880618 15199 6175 0.406223
 61 1280.000000 720.000000 0.921602 162056 83346 0.514302
 62 1920.000000 1080.000000 0.889946 223904 119691 0.534565
 63 1920.000000 1080.000000 0.907068 184365 125770 0.682182
 64 1920.000000 1080.000000 0.894394 216726 119964 0.553525